#tables.py
# GMT Mon May 22 11:23:52 2023
# 
0 1 9 14 38 39
1 12 13 21 27 32 43
2 8 14 18 19 34 43 44 45
3 21 29 48
4 25 41
5 20 32 34 40
6 17 27 30 39 41
7 16 23 24 35 38 40
8 21
9 10 11 14 15 18 35 44
10 19 31 33 46
11 43
12 31 38 46 47
13 19 24 30 34 35 40 45
14 38 42
15 37 39 40 44
16 24 29 31 32 33 41 42
17 27
18 30 38 44 46
19 25 34 41 43
20 21 41
21 22 27 31 42
22 23 27 32 34 48
23 35 40
24 25 41 48
25 30
26 27 33 35 38
27 38 49
28 31 41
29 34 37 39 46
30 34 38 40 46 47
31 40 48
32 34 44
33 34
34
35 40 41 46 49
36
37 49
38
39
40 45
41
42 47
43 48
44
45
46 48
47
48
49
