#tables.py
# GMT Mon May 22 11:23:52 2023
# 
0 18 52 113 121 123 131 145
1 4 19 33 48 60 79 120 131
2 23 93 121 128 134 135 146
3 34 94 127
4 53 60 109 114 135
5 23 64
6 21 88 118 139
7 9 14 97 113 141
8 79 85 111 126 133 141
9 48 82 88 108 148
10 18 54 61 64 139
11 34 47 52 78 92 95 104 108 115 123 128 135 140
12 44 46 54 71 76
13 50 55 64 74 76
14 18 61 97
15 32 108 119 124
16 24 49 70 124 129
17 22 29 40 89 119 121 126 138
18 59 88
19 41 44 57 86 97 106
20 53 105 126
21 123
22 25 41 117
23 24 32 71 75 144
24 72 74 79 129 135
25 45 138
26 72 114
27 33 37 54 73
28 55 61 72 144 145
29 36 133 145 146
30 33 66 77 78 99 124 141
31 69 94 127
32 73 112 118 138 149
33 56 90 108 137
34 43 98 146
35 39 50 54 90 114 148
36 41 80 85 86 87 100 111 142
37 56 58 73 100 108
38 43
39 63 109
40 47 54 80 90 91 124 135
41 51 121
42 64 79 103 133 146
43 46 48 52 56 77 120 146
44 90
45 90 110 124 143
46 70 79 94 120 123 139
47 51 67 95 99 120
48 143
49 52 65 105 116 127
50 69 87 88 110 114
51 76 83
52 73
53 69 72
54
55 86 96 148
56 90 96 124 129 137 148
57 58 70 89 137
58 75 118 142
59 73 127 148
60 81 85 96 112
61 85 97 126 143
62 87 90 103 119
63 73 106
64 85 92 94 108 124
65 123 139 146
66 90
67 120 149
68 79 96 101 119
69 84 93 142
70 118 123 130 132
71 143
72 92 140
73 108 140
74 79 82
75 81 98 120 125
76 145
77 109 118 125 133
78 98 120
79
80 94 115 139 144
81 126 142
82 86 104 108
83 108 119 142
84 90 94 101 127 139
85 100 103 111
86 124
87
88 118
89 91 120 142
90 107 117 134 143 149
91 134 141 142 148
92 117
93
94 101 112
95 134
96 141
97 129 141
98 116 126 131 135
99
100
101
102 146
103 105
104 105 148
105 107
106
107 127
108 140 143 148
109 141
110 120
111 117 130 132
112 121 124 128 147
113 117 134 141
114 119 128 145
115 122
116 138
117 149
118
119 141
120 139
121 139
122
123 137 142 145
124 140
125
126 137
127
128
129 134 138 148
130 132 136 139
131
132
133 146
134 137 149
135 145
136
137 147
138 141
139
140
141 144
142
143
144
145
146
147
148
149
