#tables.py
# GMT Mon May 22 11:23:52 2023
# 
0 15 35 110 117 146
1 43 78 103 112 132 139 140 145
2 32 63 76 106 117
3 62 67 120 134 149
4 45 57 63 64 110 141 146 148
5 78 94 106 116 138
6 44 73 100 102 112 131 141
7 28 67 110 117 121 138
8 46 79 144
9 19 23 65 77 119
10 45 131
11 28 74 86 88 108 133
12 16 20 55 69 72 92 146 148
13 87 89 99 101
14 18 24 72 98 144
15 44 61 65 99 120
16 35 36 69 79 112
17 22 53 125 126
18 60 88 97 123 133
19 97 100 105 118 123
20 87 114 125 133
21 46 93 140 144
22 56 69 119
23 38 42 45 49 57 106 113 124
24 31 52 66 69 84
25 34 54 87 88 134
26 30 76 103
27 54 70 110 128 141
28 50 81 117 137 145 146
29 41 82 133 144
30 146
31 51 63 126
32 35 57 79 122 127
33 53 84 91 112
34 56 95 148
35 55 75 79 101 105
36 48 71 77 88 92 112 138
37 47 75 121 145
38 40 55 97 106 114
39 140
40 63
41 96
42 54 70 131 135
43 71
44 87 125
45 52 57 79 80 100 149
46 70 80 101
47 53
48 92 103 115 122
49 50 64 114
50 54 86 104 109
51 67 107 138 145
52 56
53 73 90 101 109 139 141
54 66 77 85 100 129
55 76 108 111
56 96
57 60 105 113 135 146
58 92 97 124
59 84 116
60 91 122
61 86 100 117 142
62 74 86 122
63 97 125
64 113
65 84 93 111
66 75 88 113 117 140 146 147
67 134
68
69 104 108 131
70
71 76 78 81 95 100 136 147 149
72 97 110 140
73 85 109 110 144 145
74 102 105
75 114 128 129
76 128 145 147
77
78 117 121 145
79
80 122
81 103 104
82 87 132 141 144 147
83 95 99 129
84 88 91 100
85 106
86 93 120
87 93 147
88 112 127 134
89 91 136
90 132
91 104 109 137 145
92 99 140 147
93 105 144
94 97 135
95 145 146
96 110 118 136
97 133
98
99
100 117 128
101 117 142
102 109
103 105 116 139
104 120 129 138
105 125 136 149
106 110 145
107 112 126 136 147
108 134
109 127 136 149
110 116
111 127
112
113
114 141
115 144
116
117 129 132 148
118 128
119 129 130
120 139 148
121 130
122 133
123 132
124
125
126
127 131
128 145
129 137
130
131
132
133
134 137
135
136
137 140 143
138 140
139 146
140
141
142
143
144 147
145
146
147
148
149
