#tables.py
# GMT Mon May 22 11:23:52 2023
# 
0 50 57 80 110
1 24 25 41 53 76
2 56 63 96 116 142
3 19 38 103 125 146
4
5 35 65 75 95 145
6 79
7 9 93 106 142
8 22 28 32 64 67 79 82 126 132 139
9 90 131 134
10 12 60
11 12 18 69 75 112 115
12 95 102 107 128
13 23 41 63 72 80 98 148
14 51 99
15 26 56 96 121 127
16 24 46 69 75 91 118
17 33 51 54 56 115 142
18 68 128
19 26 48 76 128
20 26 33 93 144
21 87 103
22 38 81 99
23 53 56
24 63 64 73 83
25 67 111 124
26 39 43 126
27 84 122 140
28 67 129
29 63 113
30 33 64
31 43 70
32 37 92 100 107 124
33 52 69 79 116
34 72 86
35 80 94 117 141
36 90 142
37 55 81 122
38 106 148
39 47 48 56 85 107 134
40 126
41 55 108 118 133
42 59 71 72 95 119
43 48 80 90 98 101 104 121
44 66 103
45 58 74
46 80
47 71 80 87
48 73 88 136
49
50
51 125 146
52 84 103
53 90 91 103
54 103 141
55 121 137
56 59 75 99 136
57 86 135
58 62 123
59 72
60 77 97 136
61 95 115 149
62 81 131
63 94 105 138
64 70 109
65
66 129 130 148
67
68 69 90 98 109 141
69 79 138
70 82 113 148
71 78
72 81 120 136 139
73 103 146 149
74
75 127 136 138
76 82 111 114
77 100
78 82 90 93 127 141
79 112 126
80 113 119
81 102
82 143
83 123 145
84
85 117
86
87 111 142
88 125
89 112
90 142
91 129 142
92 104 111 138
93 134
94 113 121 122
95 135
96
97
98 134
99
100 120
101 130 131
102 131 140 144
103 127 148
104 123
105
106 123 136
107 118
108 129
109 127
110 128
111 120
112
113 127 149
114 138
115 124
116 126 140
117 137 140
118 124
119 143
120 131 134
121 122
122
123 149
124
125 127 145
126
127
128
129 142
130 133 142
131
132
133
134 145
135
136
137 148
138 149
139
140 145
141
142
143
144
145
146
147
148
149
