#tables.py
# GMT Mon May 22 11:23:52 2023
# 
0 7 41 60 62 122
1 62 70 99 128 129
2 11 72 91 126
3 62 69 71
4 35 52 79
5 6 51 60
6 22 32 106 108 127 128 146
7 47 53 109
8 113
9 32 54 69 120
10 70
11 134 145
12 92 133
13 24 36 59 60 74 88 99
14 121
15 45 106 141
16 145 148
17 23 133
18 68 76 124
19 66 129 136
20 94
21 65 69 83 132
22 39 74 76 97 115 123 145
23 48 71 99 102 112
24 25 28 49 84
25 42 85 130
26 35 40 112 141
27 49 50 60 93 103
28 46 50 59 71 139 142
29 33 37 52 56 111 140
30 88
31 57 142
32 59 76 84 128 142
33 43
34 118 131 136
35 50 53 68
36 46 77 85 133
37 71 73 99 127 141
38
39 87 109 136
40 45 58 66 113 137
41 111 146
42 59 70
43 116 129 133 139 144
44 59 130 133
45 75 77 90 134
46 57 89 106 122
47 58 92 93 122
48 55 81 109 116 145
49 63 78 101 130
50 64 78 118 141
51 63 73
52 95
53 98
54 66 67 100 134
55 74 112 119 136 144
56 91 94 135
57 92 120 148
58 64 107
59 129 138
60 129 147
61 70
62 68 136
63 69 83
64 68 87 99 121 123
65 94 127 131
66 82 125
67 83 90
68 89 125 127 131
69 71 73 145
70 74 85 88 128 133
71 105 135
72
73 88 89
74 117
75
76
77 86 135
78 104
79 86 99 121
80
81 137
82 116 139
83
84 85 128
85 149
86 88
87 149
88 128
89 102 130 136
90 97 125 139
91 115 125
92 138
93 102 145
94
95 115 119
96
97 137
98 146
99 126
100
101 140
102 118
103 128 138 140
104 119 132
105 116 137 139
106 108 123
107 141 147
108 117 140
109 110 149
110 114
111 123
112 116 124 148
113 120 142
114
115 138
116
117
118 120 134
119 135
120
121
122
123 140
124
125 127
126 129
127
128 129 140
129
130
131 140
132
133 146
134
135
136
137
138
139 145
140
141
142
143 149
144 149
145
146
147
148
149
