#tables.py
# GMT Mon May 22 11:23:52 2023
# 
0 65 109 143
1 22 30 35 97
2 18 77 83 135
3 26 41 117
4 43 66 121 146
5 77 142
6 47
7 39 133 142 143
8 12 14
9 81 141
10 30 99 106 109 132
11 89 98
12 66
13 24 29
14 44 51 58 135
15 19
16 77
17 46 66
18 129
19 111 126 134
20 107
21 130 149
22 27 49 68
23 102 109 124 149
24 58 97
25 52 60 96 140 141
26 116
27 52 61
28 45 58 69 118 140
29 119
30 34 43
31 56
32 127 133
33 58 101 128
34 72 74 76 117
35 61
36 46
37 127 136
38 103
39 43 130
40 103
41 54 76 83 86 109 131 138
42
43 80
44 103
45 90
46
47 61 86 89 94 121
48 56 145
49 79
50 72 73 148
51 65 92 96 104 115 129 136 148
52 121
53 102
54 70
55 68
56 62 66
57 109 147
58 80 87
59 114
60 112 115 121
61 143
62
63 96 128 136
64 70 79 129
65 132 146
66 91 107
67 75 94 136
68 69 76 96 109 126
69 87 113
70
71 89 146
72 124
73 117 144
74
75 89 129
76 101 122
77 95 99
78 83 141
79 93 99 106 136
80
81 117
82 84 101 120 132 137
83 102 142
84 127
85 102
86 100 117
87 110 135
88 123
89
90 121
91 135
92 96 108 125
93 94 110
94
95
96
97
98 99
99 106 149
100 103
101 118 130 147
102 124
103 132
104 110 129
105 137
106 108 148
107
108
109 136
110
111
112 129
113 132
114
115 122
116
117 131 135
118 138 142
119 142
120 126 145 148
121
122
123
124 128 147
125 128 132
126
127 137
128
129 143
130 147
131
132 141
133
134
135
136
137
138 140
139 143
140
141
142
143
144
145
146
147
148
149
