#tables.py
# GMT Mon May 22 11:23:52 2023
# 
0 1 23 26 47 93 100 110 119 126
1 37 63 143 147 193
2 33 50 58 84
3 134 137
4 33 56 95 99 156
5 176 197
6 42 47 84 101 195
7 31 49 85 107 113 120 144
8 17 76 85 97 112 182
9 66 92 104 114 171 175 188
10 11 153 159 198
11 36 108 109 149 187
12 16 57 108 129 141 143 182
13 33 71 88 99 143 152 178 191
14 125 186
15 16 19 94 122 123 171 172
16 31 44 114 145
17 29 103 173
18 37 45 87 128 133 179
19 81 166
20 31 84 87 162
21 114 121 156 184
22 141 155 179
23 44 47 90 104 132 177 180
24 35 80 83 148 162 181 193
25 61 101 107 163 194
26 142 147 190
27 69 104 122 126 159
28 88 187
29 86 116 121
30 59 69 112 161 198
31 43 78 90 91 101 161 164 191
32 151 189
33 163
34 53 64 99 129 171
35 95 142 143 187
36 72 104 121 151 173
37 150
38 104 132 174
39 67 109 184 199
40 59 89 116 140 144 179
41 95 158 162 167
42 108
43 46 103 174 194
44 59 76 81 97 171 197
45 79 87 96 117 131 182
46 51 109
47 100 116 137 152 154 167 168
48 80 151 199
49 60 99
50 73 86 87 123 130 164 193
51 68 77 91 92 101 104 109 117 143
52 60 101 119 135 157 193
53 89
54 152 178
55 81 188
56 59 97 126 173
57 101 124 180
58 93 102 159 160 178 199
59 86 97 127 136 141 156 196
60 68 72 105 109
61 77 84 97 123 182
62 67 187
63 81 163
64 77 90 128
65 105 126 138 191
66 75 80 100 134
67 74 169 190 194 197
68 75 151 164
69 109
70 88 152 173 177 189
71 90 114 181
72 151 156 171 178 188
73 74 79 103 122 173 186
74 110
75 164 186
76 101 136 141
77 103 119 137 174
78 91
79 120 126 133 140 143 149 180 186
80 136 144
81 131 142 177 184 189 199
82 125 149 155 184 191
83 158 163 185
84 94 130 177 191
85 140 177
86
87 96 104 115 133 186
88 106 174
89 106 109 174
90 122 143 153
91 93 117 144 180
92 126 142 148 188 194
93 172
94 159
95 117 139 143 164 199
96 116 182
97 106 108 114 124 126 153
98 163
99 107 177
100 111 172 192 195
101 113 166 169 181
102 188
103 121 150 190
104 161
105
106 148 163 172 198
107 181
108 123 140 150 161 176 177
109 116 125 156 181 185 192
110 120 180
111 146 162 172 199
112 143 145 186
113 160 164 197
114 122 129
115 183
116 131 141
117 127 142 153 162
118 149 165 197 199
119 153 164 176 179
120 160 171 190
121 143 144 180
122 156 191
123
124 126 139 146 157
125
126 197 198
127 147 164
128 130
129 159 181 195 197
130 158
131
132 154 159 160 173 185
133
134 172 176 189
135
136 170
137 141 142
138 154
139
140
141
142 144 194
143 154
144 171 189 194 196
145 170 188
146 199
147 183 194
148 167
149
150 183
151 155 197
152 160 166
153
154 168
155
156
157 160 170 187 197
158 183
159
160 186
161 187 189
162
163 165
164 186
165
166 169
167
168 182 185 199
169 192
170 173 185
171
172 174
173
174
175
176 188 199
177
178 197
179
180
181
182
183
184
185
186
187
188
189 197
190 199
191
192
193
194
195 198
196
197
198
199
