#tables.py
# GMT Mon May 22 11:23:52 2023
# 
0 45 67 84 181
1 7 14 75 116 160 175
2 15 46 68 100 128
3 19 143 179
4 13 14 75 174
5 30 59 64 124 136
6 74 82 102 119 163 171
7 12 128 159 177
8 42 137 145
9 24 65 100 140 172
10 54 62 66 96 151
11 18 49 121 185
12 29 48 89 115
13 44 77 138 144 158
14 53 67 70 107 115 126
15 40 58 167 169 199
16 118 132 136 193
17 46 56 60 65 128
18 25 37 45 148 195
19 25 31 55 184
20 43 46 87 122 173 189
21 84 100 173 175 179
22 43 51 100 167
23 67 87
24 29 32 33 83 112 126 152 160 199
25 113 130 153 162
26 38 79 94 140 146 149
27 39 148
28 36 38 64 95 172 176 191
29 34 63 70 101 142
30 77 85 105 138
31 62 115
32 49 100 107 129 134 151
33 78 130 170 194 195
34 44 149 198
35 86 90 139 152 154 161
36 38 44 50 170 194
37 103 145 147 157
38 73 118 145 182
39 41 57 82 170 172
40 64 71 79 136
41 42 76 160 161
42 93 134 176
43 72 178 188
44 81 92 108 119 163 188
45 67 85 103 172
46 117 153 159 180
47 52 70 72 125 170 182 187
48 53 73 74 76 91 160 194
49 57 81 96 195
50 59 76 122 188 190
51 69 79 111 125 135 156 192 199
52 65 75 76 97 127 150 173
53 102 122 130 131 142 181
54 55 68 77 136 146 166
55 107 152 157
56 165 185 196
57 101
58 73 87 93 102 109 120 134 141 184
59 98 184 186
60 76 86 103 115 133 145 161 183
61 117 123 154
62 65 89 163 191 196
63 145 149 169
64 137 142 145
65 78 116 128 133 184 190 195
66 97 102 104 155
67 81 95 166
68 130 133 152 157 179
69 130 163 194
70 73 153 174
71 79 112 136 184
72 123 124 132 167 196
73 95 103 120 138 185 188
74 83 87 110
75 86 114 173 184
76 78 138 166
77 85 93 138 146 188
78 94 96 156
79 189
80 91 113 131 147 152 184 185
81 105 120 135
82 90 93 148 180 183 187
83 150
84 96 107 122
85 90 124 142 176
86 101 102 105 173 177
87 118 133
88 102 118 126
89 116 122 125 133 168
90 131 139 149 170 187
91 119 122 123 132 186
92 101 160 179 193
93 101 168
94 96 157 162
95 99 130 151 181
96 190
97 122 163 164
98 127 159 177 183
99
100 133 179
101
102 144
103
104 133 135 159 172 181
105 126 166 171
106 135 182 190
107 111
108 114 165
109 129 134 145 146 166
110 177
111
112 145 187
113 126
114 133 156 191 194
115 116 152
116 118
117 133 145
118 137
119
120 134 158 160
121 143 148 176
122 143 154 170 185 197
123 145 156 172
124 148 185
125 132 175
126 158
127 137 154 161 193
128 145 151
129 165 199
130 158 170 189
131 170 196
132 135 166 172 178 190
133 151
134 136 150 152 172 185 190
135 143 187
136 177 184
137 170 177
138 156 184
139 151
140 190
141 173 174 192
142 148
143 164
144 153 161 177 188
145 163
146 157 193
147 160 196
148 189
149 151 161
150 192
151 181
152 178 182
153 172 176 181 193
154 194 198
155 188
156 161
157 196
158 171
159
160 176 178
161 179 182
162
163
164 180 191 197
165
166 190 198
167 172 193
168
169 175 183
170 190
171
172 174 187 190 199
173
174 188 197
175
176 184
177
178
179
180
181
182 189 196
183 195
184 188
185 186 187
186 194
187 199
188
189
190
191
192
193
194 199
195
196
197
198
199
