#tables.py
# GMT Mon May 22 11:23:52 2023
# 
0 25 52 151
1 153 184
2 19 55 73 137 148
3 52 162 170 188 189 194
4 55 111 157
5 57 80 84 94 155 190
6 21 41 135
7 96
8 18 130 164
9 182
10 12 31 82 155
11 70 82 105
12 59 98 99 160
13 64 65 132 176
14 70 74 161 178
15 72 141 142
16 109 162 164 165
17 24 34 80 107 167
18 121 169
19 26 31 60 69 84 156 196
20 62 79 163 164 198 199
21 46 105
22 69 70 139 144 191
23 99 115 142
24
25 30 80 177
26 44 60 65 125 128 189
27 148 161 184
28 41 89 92 100 141 145 180
29 38 80 110 156
30 48 84 117 139
31 61 120
32 82
33 34 73 111 145 150 163 181 184
34 71 101 135
35 73 115 132 155
36 133 141
37 66 77 92 110
38 61 129 171 183
39 71 86 138 145 197
40 48 143
41 55 106 109 161
42 71 85 102 124
43 78 89 135 141 155 181
44 113 125 164
45 96
46 122 135 166 180
47 51 131 142 186
48 72 76 131 165 174 182
49 77 81 119
50 144 155 166 187
51 57 86 91 193
52 73 106
53 75 87 92 171 195
54 95
55 57 74 87
56 94 152
57 88 111
58 118 154 197
59 83 197
60 132 153
61 87
62 141
63 66 81 124
64 67 121 192
65 125 190
66 86 88 91 106 185
67
68 129 148 172
69 82 147
70 74 88
71 142 178
72 195
73 131 147 169
74 101 149 162 176 182
75 144 148 171 190 195
76 170
77 96
78 96 192
79 192
80 110 114 124 133 139 150 181
81 128 175
82 110 174 197
83 89 169
84 128 169
85 146 192
86
87 120
88 132 167
89 123 157 174 195 199
90 91 121 157 188
91 105 130 142 170 178
92 122 140 183 191 197
93 159 190
94 127 184
95 123 135
96 117
97 102 135 138 167 189
98 120 129 157 166
99
100 119
101 167
102 122
103 126 131 181
104 138 197
105
106 109 132 174 185
107 112 120 157
108 116 140
109 152
110 175
111 127
112 142 162 180
113 127 142 193
114 125 137
115 162 187
116
117 140 154 170
118 150 166 191
119 146 153
120
121 186
122 155
123 148 151 159 160
124 138 157 172
125
126 131 187 195
127
128 170
129 189
130
131
132 159
133 173
134 174
135 138
136 164 167 188
137 169
138 139 150 154 178 182
139 175
140 167
141 148 171 187
142 169 172
143 152
144 158 161 191
145
146
147 151 165
148
149 189
150
151 158
152 184
153
154 162 165 175 180 196
155 177
156
157
158
159 160 188
160
161 178 181
162 183
163 189
164 181
165 166 197
166
167 179
168 187
169
170
171
172 177
173 181
174
175
176
177
178
179
180
181
182
183
184 190 198
185
186
187 195
188
189
190
191
192 199
193
194
195
196
197
198
199
