#tables.py
# GMT Mon May 22 11:23:52 2023
# 
0 8 58 70 73 137 165 170
1 13 20 21 53 101 117 154 186
2 39 160
3 15 53 63 83 116 120 161 164 190 195
4
5 19 22 53 107 117 121 160 161 173
6 21 52 104 107 126 164
7 106 158 167 169 174
8 125 131 132 153
9 36 58 127 182 199
10 40 97 119 140 158 170 194
11 53 106
12 18 40 116 183 191
13 29 158
14 91 100
15 135
16 70
17 107 133 143 157
18 23 24 67 88
19 156 191
20 66 84 97 187 188 195
21 27 167
22 26 70 74 119 189
23 32 53 112 168 178
24 27 75 78 106 196
25 57 61 113 121
26 190
27 30 34 87 121 133
28 38 63 109 199
29 32 41 48 69 72
30 37 120 144
31 138 150 183 195
32 42 60 67 154 185
33 56 59 84 113 171 181 189
34 190
35 46 102 160 196
36 107
37 77 143 181 189
38 88 96 99 181 190
39 43 124 157
40 84 147 162 172
41 132 171 195
42 106 147 178
43 99
44 93 120 132
45 81 102 131 172
46 54 183
47 62 99 103
48 64 160
49 56 59 69 79 95
50 62 74 160
51 60 123 131 141 168
52 74 91 94 100 133
53 76 105 106
54 98 108 119 127 160 172 173
55 65 95 141 150 172
56 184
57 72 86 117 173 178 179 190
58 132 149
59 126
60 67 112 124
61 71 93 121 123 131 150
62 84 175
63 107
64 122
65 76 83 118 190 198
66
67 77 133
68 86 95 109 126
69 114 193
70 101 198
71 72 83 85 112 137 140
72 152 157 191
73 125 148 191
74 84 164
75 144
76 159 168 181
77 78 116 180
78 94 100 107
79 129 199
80 82 142 175
81 94 141 146 155 194
82
83 92 142
84 112 184 186
85 93 107 139
86 111 117 145 195
87 112 135 136
88 193
89 157 184 195
90 178 180
91 113 185
92 144 178
93 139 148 152 153
94 100 113 135 160
95 113 151 155 197
96 132 175 182 188
97 102
98
99 106 146
100 149 153 195
101 137 138 156 186 199
102 105 164 182
103 110 128
104 110 145 162
105 110 163
106 146 172 183
107 123 125 128 165
108 110
109 115 140
110 125 142 164
111 116 137 181 185 190 193
112 117 169
113 151 171 191
114 116 130 164 183
115 119 129
116 158
117 168 197
118 159
119 168
120 138 184
121 130 150 183
122 127
123
124 199
125 195
126 143 153
127 142 150 180
128 150 160 169
129 151 155 166 186
130
131 133 197 198
132 156 163
133
134 187
135 136 162
136
137 145 180
138 159 161
139 142
140 142 190
141 151 186
142 194 195
143 168
144 198
145 156 163
146
147 148 174
148 156 181
149 185 199
150 157
151 176
152 154 177
153 169 188 198
154
155
156 194
157
158
159
160
161 170 174 183
162 187
163 177
164 176
165 197
166
167 168 189
168 193
169 181 198
170
171 178
172 173 189
173
174
175 188
176
177 192
178 189
179 196
180 183 188
181 190
182 183
183
184
185
186
187 194 198
188 189 190
189
190
191
192
193
194
195
196
197
198
199
