#tables.py
# GMT Mon May 22 11:23:52 2023
# 
0 8 43 47 167 172
1 34 70
2 10 17 74 76 117
3 29 104 105 113 121 166
4 17 36 47 98 112 130 177
5 16 35 102 112
6 23 73 83 118 132
7 177
8 40 67
9 20 64 165 171
10 15 96 148 158
11 27
12 27 62 111 114
13 141 183
14 40 49 158 159
15 35 45 48 109
16 19 44 80
17 55
18 158 161 181
19 24 183
20 90
21 62 198
22 131
23 33 55 142 173
24
25 127
26 97 101
27 102 199
28 37
29 171 184
30 53 74 137
31 94 95 146
32 43 114 117 141 145 157 165
33 36 93 104 139 194
34 40 155
35 58 168
36 52 125 161
37 57 117 186 188
38 189
39 100
40 94
41 48 184
42 91
43 150 165
44 115 122 135 184
45 62 121 183
46 68
47 72 194 196
48 84 99 141
49 177
50 71 91 96
51 175 193
52 60 72 77
53 87
54 100
55 61 81 114 133 181
56
57 150 192 199
58 167 186 190
59 68 171 189
60 109 127
61 134
62 119 126 131
63 69 146
64 81 143 199
65 76 173
66
67 110 188 196
68 167
69 153
70
71 104 116 132 159
72 115 164
73 109
74 86 166
75 77
76 143 149
77
78 118 139
79 169
80 111 176 180
81 150
82 93 95
83 95
84 116 152 178
85 139
86 148 185
87 163 172
88 125
89 94 101 121 192
90 147 174
91 132
92 133 183
93 114
94
95
96 109 124 138
97 181 198
98 130 141 155 168
99 111 132 160 189
100 136
101 109 143
102 184 191
103
104 196
105 107 141 169 187
106 140
107
108 179
109
110 146 185
111
112 195
113 196
114 199
115 131 137
116 127
117 141 188
118 124
119 127 173
120
121
122 173 188 199
123
124 162
125 171 183
126
127
128
129
130
131
132 160
133 149
134 168
135 183 194
136
137
138
139
140
141 180
142 152 192
143 152
144 164 192
145 149
146 187
147
148 173
149 176
150 188
151 177
152
153
154 198
155 174
156 170
157 183
158 161
159
160
161 173 184
162
163
164 190
165 169
166 189
167 193
168
169 170 194
170 171 190 197
171
172
173 190
174
175
176
177
178 181
179
180
181 194
182
183
184
185 198
186
187
188
189
190
191
192
193
194
195
196
197
198
199
