#tables.py
# GMT Mon May 22 11:23:52 2023
# 
0 21 28 31 32 49
1 14 22 38 43 47
2 4 19 26 31 43 46 47
3 8 11 23 35 39 44
4 6 18 26 28 36 45 47 48
5 11 24 32 38 41 43 46
6 19 22 24 27 46 48
7 16 19 31
8 11 14 20 21 49
9 10 19 33 39 41 45
10 24 28 30 35 38
11 13 18 37 44 45
12 15 20 24 25 26 29 33 35 45 47
13 17 19 46
14 31 37
15 33 43
16 19 29 35 44 47
17 21 33 38
18
19 25
20 34 42
21 30 36 37
22 24 29 34 36 41 46
23 29 45 47
24 26 44
25 41
26 38 44 45
27 33
28 44
29 40
30 32 36 46
31 47
32 36 40
33
34
35
36 39 42 44
37 42
38 42 49
39 42 49
40 45 48
41
42
43
44 48
45 48
46
47
48
49
