#tables.py
# GMT Mon May 22 11:23:52 2023
# 
0 49 115 256 319
1 7 29 306
2 18 35 93 243
3 24 25 105 288
4 83 187 337 344
5 10 39 42 100 139
6 75 94
7 11 183 272
8 87 140 145 169 210
9 17 118 248
10 18 35 309
11 166
12 45
13 49 69 95 160 232
14 131 136
15 265
16 63 111 291
17 308
18 175 232
19 29 48 326
20 80 269 295
21 72 273 330
22 108 289 334
23 203 244 259 290 298 319
24 70 202 206 221 346
25 68 74 173 213 267
26 211 284
27 60 83 152 161 208
28 281
29 96 197 243 258 276
30 89 119 164 337
31 59 156 279
32 65 91 141 250 258 312
33 153 243
34 63 91 124 169 214 265 270 302 333
35 129
36 101
37 183
38 118 186 193
39 48 151 191 216 308
40 56 241 263 339 345
41 81 302
42 139 205 269 285 332 343
43 229 232 257 320
44 120 133 156 309 334
45 52 71 104 182 306
46 261 278 299
47 59 122 147 303 304
48 182 206
49 308
50 58 124 146 160 251 252 270
51 55 119 241 340
52 141 224 231 237 296
53 204 250 284
54 62 122 204 271 286
55 76 80 110 275 278
56 57 74 82 89 196 309
57 140 141 174 295 327
58 123 191 192 212 236 277
59 152 182 216 218 225 233 234 284
60
61 189 199
62 226 245 304
63 314
64 260
65 89
66 192 207 277 285
67 98 106 139 319
68 257
69 103 171 232 243 256 306 339
70 118 184 316 331
71 185 261 329
72 92 302
73 100 201
74 151 153
75 252 313 324
76 278
77 120 144
78 247
79 234
80 82 127 201 244 269 291 297
81 129 191 214 267 308
82 143 284 297
83 91
84 235 293 313 317 322
85
86 87 120 185 218
87 253
88 98 167 260 301
89 128
90 121 181 346
91
92 300 342
93 95 112
94 121 134 196 310 326
95 186 205
96 261
97 110 126 165 218
98 132 155 304
99 191
100 286 310
101 102 134 341
102 129 162
103 126 221 328 339
104 171 221 255 282 297
105 112 151 306 337
106
107 214 239
108 123 269 326
109 184
110 156 213 229 255
111 212 214 248
112 210 213
113
114 166 193 266 307 319 343
115 238
116 169 215
117 338
118 133 153 324
119 208 212 314
120 187 213 340 343
121 153 171
122 254
123 155 341
124
125 333
126 211 220 272
127 187
128 153
129
130 141
131 153 197 331
132 157 174 230 248 310
133 181 186 211 214 317
134 247
135 177 229 306 327 344
136 205
137 240 241 327
138 151 165 202 328 334
139 165 197
140 156 204 264
141 151 208 243
142 147 247 255 263 286 341
143 183 202 243
144 255 341
145 185 310 336
146 223 260 306 320 324
147 202 208 247
148 194 272
149 232 234 244 269
150 341
151 247
152 155 238 246 301 349
153 232 236 279
154 156 207 251 259
155 263 271
156
157 178 307
158 168 188 321
159 199 218
160 194
161
162 187 278 286 298 301
163
164
165 271 276 290
166 244 251 259 288
167 224 294 321
168 256
169 198
170 209 310
171 217 228 336
172 212 234 283
173 222 318
174 218
175 241 336
176 292
177 185 206
178 205
179 311 335
180 239
181 253 334
182 233 299
183 271 272 273
184 205 251
185
186 285 343
187 204 337 349
188 192 208 282
189
190
191 255 318 341
192
193
194
195 349
196
197 216 339
198
199
200 283
201
202 261 290
203 232 237 241
204
205 213 253
206 295 329 347
207 290
208 224 308 315
209 284 297 317
210 242 253
211 241 284
212 254 329
213 232 338
214 216
215 241 272
216 254
217 240 280 298
218
219 305
220
221 228
222
223
224
225
226 293 328
227
228
229 292
230 265
231
232 270 293 330
233 324 338
234 260
235 258
236
237 329
238
239 296
240 338
241 266
242 263 281 290
243
244 257 318 343
245
246 291 302
247
248 266
249 279
250 284 286 331
251
252 285
253
254 308 326
255
256 284 304 312
257 274 285 336
258 337
259
260
261 345
262 319 332 342
263 339
264 274 314 330
265 298
266
267 301 304 339
268 294
269 312 323
270
271 312 317
272
273 317
274 277 283
275
276
277
278
279
280 320
281 282
282
283 293 321 329
284
285
286 344
287 338
288 304 312
289 347
290 323
291 348
292 312 324 329
293
294
295
296 325
297 314 317
298
299 342
300
301 337
302
303 319
304
305
306 309
307
308
309
310
311 325 345 346
312
313 338 348
314
315
316 321
317
318
319
320
321 345
322
323 335
324 338
325 335
326
327
328
329
330
331
332
333
334
335
336
337
338
339
340 344
341
342
343
344
345
346
347
348
349
