#tables.py
# GMT Mon May 22 11:23:52 2023
# 
0 58 99 148 154 206 212
1 7 85 99 279 293 328
2 19 39 48 61 146 192 222 275 313 323
3 127 148 168 190
4 15 94 122 174 193 194 300
5 11 77 111 261
6 160 180 207 319
7 87 105 136 137 173 213 236 242 284 308
8 58 116 214 223 236
9 186 199
10 42 107 139 218 287 322
11 26 82 261 317
12 62 103 216 231 243 249
13 16 84 236 289 291 312 315 342
14 21 23 37 89 96 214 239 255 277 332
15 29 42 70 144 267
16 43 101 155 245
17 43 92 106 137 145 160 234 251 257 258 270
18 39 55 179 209 282
19 153 166 229 300 327
20 109 131 146 239 300 305 333 346
21 27 64 172 174 181 192 297 301 312 342
22 78 140 149 223 336
23 33 110 112 155 267 290 292 295
24 66 166
25 47 147 228 236 290 298 303
26 27 57 82 132 208 212 222
27 127 191 263 334
28 82 133 208 234 266 301
29 114 145 168 215 245 274 281 299 343
30 36 161 229
31 46 186
32 60 169 273 289 321 343
33 39 48 115 122 129 148 219 223 277
34 83 161 262
35 52 126 135 154 167 170 179 185 203 246 304 320
36 59 119 214 235 253
37 238 309 320 333 343
38 135
39 87 142 322
40 125 126 141 148 196 297 309 311 332 338
41 51 71 101 114 144 215 294 329
42 219 323
43 313 315 344
44 61 65 68 81 181 232 256 297 304
45 204 237 342
46 81 119 317 323
47 75 195
48 105 229 316 328
49 116 142 214 265 267 340
50 313
51 109 114 217 267 323
52 62 107 212 236 280 329
53 56 164
54 82 193 199 252 303
55 98 125 144 236
56 62 88 176 284 344
57 287 290 299
58 83 109 313 323 329
59 60 115 148 268 319
60 66 69 106 226 269 300
61 131 173 312 319 322
62 124 226 264 269 289 327
63 116 130 152 234 253
64 118 219
65 81 171 178 328
66 76 117 199 204 208 307 343
67 76 80 113 211 255 340
68 73 148 237 258 269
69 125 161 167 172 189
70 167 186 188 217 294
71 166 167 195 244
72 91 190 197 222 290
73 84 107
74 151 258
75 143 191 228 265 342 344
76 132 148 156 188 200 234 282 341
77 174 198 208 335
78 100 141 183 199 236 251 341
79 155 261 264 335
80 139 173 204 322 338
81 197
82 237 254 293 300 349
83 87 126 146 247
84 103
85 138 162 171 182 201 232 276 286
86 114 171 285
87 136 169 184 185 236 321 341
88 109 215 231 251 281
89 95 310 313
90 133 241
91 189 254 286 319 325 341
92 225 284
93 127 181 215 253 298
94 152 219 228 303 347
95 266
96 171 181 197 211 243 301 307 330
97 242 246 285 292 339 342
98 158 225 281
99 285 314
100 318
101 145 156 212 239 265
102 108 163 202 300 320 348
103 196 345
104 125 159 244
105 170 250
106 220 258 281
107 173 250 272 279
108 130 217 240 264 265
109 172 237 248 310
110 136 255 297 339
111 205 217 284 285 307
112 259 293 348
113 132 245 349
114 123 163 326
115 233 280
116 156 319
117 130 139 268 273 325
118 133 134 202 207 297 311 329
119 153 187 235 327 338 342
120 212 220 302
121 134 146 324
122 147 161 164 165 214 232 258 317
123 161 216 236 307
124 169 324
125 128 135 149 173 181 276 278
126 177 186 270 274 337
127 306 323
128 248 270 334
129 135 157 264 282
130 208 261 332
131 216 240 315 318 334
132 141 142 169 273 324
133 226 235 255 320
134 181 185 258 310 337
135 192 241 268 284 286 299 320
136 165 278
137 227 316 319
138 171 200 297 344
139 214 254
140 145 175 183 196 239 278
141 221 272 335
142 157 170 239 294 340
143 149 170 219 324
144 184
145 171 253 340
146 157 204 285 314
147 158
148 155 224 234 276 306 314
149 150 218 222 238 263 274 307
150 160 210 239 244 284 294 325
151 198 256
152 289 296 328
153
154 234
155 156 157 191
156 225 337
157 168 195 214 236 239 249 287 311 316
158 235 238 317
159 278 281 300 329
160 166 202 247 283
161 199
162 173 186 195 215 296 318
163 184 335
164 173 183 192 219 269
165 180 186 202 247 301 312 328 343
166 247 252 279 320 332 344
167 244 300 329
168 186 246 270
169 171 242
170 196 281
171 192 267
172 192 281
173 197 242 337
174 192 193 227 259
175 192
176 274 306 313
177 201
178 302 307 339
179 208 271 292 328 347
180 216
181 347
182 194 296
183 200 216 292
184 239 307
185 195 281
186 196 220 238 264 324
187 237 269 285 304 305 323
188 267 301
189 233 325
190 227 234 284 298
191 230 236 280 298 305
192 257 296
193 215
194 198 249 274 332
195 273 333 349
196 247
197 214 301 306 318
198 203 229 234 315 348
199 224 260
200 241 283 293
201 286 307 311 322 331
202 224 281 315
203 219 281 305 340
204 286
205 209 280 322
206 330
207 269
208 211 271 297 307 318 327
209 210 311
210 291
211 303 319
212 215 227 245 297 335
213 277 320
214 226 278
215 250
216 289 308 324 347
217 230
218 290 294
219 232
220 287 309 327 329
221 229 323
222 238 290 305 323
223 252
224 342
225 227 293 349
226
227 303 341
228 254
229 235
230 336 348
231 278
232 292 349
233 270 315
234 239
235 259
236 321 348
237 282 286
238 273
239 332
240 265 269
241 268 276 324 330
242 293 316
243 281
244 258 272 344
245 256 300 330 343
246 256
247 252 314
248 336
249
250 312 329
251
252 315 318 344
253 299
254 285 309
255 262 277
256 331
257 329 342
258
259 264 284 294
260 303 328 336
261
262
263
264 338
265 316 326 341
266 312
267 288 329
268
269
270 272 295 306
271 278
272
273 292 297
274 281
275 333 346
276 311 324
277 279 297
278 348
279 287
280
281 298
282 289
283
284
285 310
286
287 335
288 300
289 334 342 348
290 302 313 333
291 302 343
292 346
293
294 335
295 303
296 314
297
298
299
300
301 327 339
302 305 307 326
303
304
305 340 343 346
306
307
308 318
309
310 313
311
312
313 339
314 341
315 328
316 342
317
318 338
319 332 348
320
321
322 330
323 332
324
325
326
327 336
328
329 331
330
331
332 341
333
334 339
335
336 349
337
338
339
340
341
342
343
344
345
346
347
348
349
