#tables.py
# GMT Mon May 22 11:23:52 2023
# 
0 36 216 228
1 205 209 281 340
2 149 240
3 40 44 290
4 11 38 230 232
5 18 107 157
6 37
7 32 143 169 274 319
8 47 314 330 333
9 22 167 174 179
10 101 214 340
11 20 61 205 322 337
12 56 273 298
13 215
14 273 274 310
15 58 287 332
16 161 179 237 298 323
17 80 174 196
18 28 41 342
19 120 333
20 33 246 247
21 138 293 294
22 99 105 231 282
23 63 135
24 208 318
25 267
26 106 118 130 165 187 303
27 285 328
28 261 270 348
29 338
30 104 185 219 250
31 118
32 38 145 263
33 36 53 94 144 212 222 226
34 55 289 330
35 162
36 71 170 233
37 138 139 277
38 235 260 316
39 140 208 228 258
40 99 154 195 316
41 64
42 212 258
43 65 182 336
44 317
45 84 220
46 73 266
47 52 110 132 346
48 227 234
49 140 214
50 56 169
51 143 180
52 131
53 94 206 228 245 259
54 124 127 213 301 316 338
55
56 95 236 252 294
57 270
58 90 113 343
59 234 327
60 85 237 253 348
61 94 106 114 220 227
62 206 282
63 113 153 255
64 69 93 311 319
65 145 321
66 114 133 154
67 178
68 194 210 245 267 277
69 139 209 307 329
70 117 273 346
71 157 176 252
72 115 207 239
73 75 138 146 242 295
74 177 208 214 312 331
75 138 219 269
76 135 212 282 337
77 151
78 93 309 324
79 124 128 256
80 288
81 349
82 247
83 125 133 207 236
84 230
85 150 235
86 88 261 272
87 95 192 267 346
88 127 202 251
89 99 198 210 221
90 335
91
92 224 250 293
93
94 171
95 338
96 127 263
97
98 237 288 294
99 157 213 252 258
100 238 249 279
101 122 189 291 333
102 269 297
103 176 177 268
104
105 117 263 276
106 215 270
107 174 251 339
108 214 219 228 278 344 347
109 217 267
110 162 225 260
111 241
112 141 202 228 311
113 123 261
114 118 196 287 329
115 343 345
116 193 332
117 268 280 342 344
118 167
119 154
120 182 207
121 173 182 236 302 316
122 150 305
123 191 326 338
124
125 141 199
126 132 226
127 211 273
128 133 152
129 131 157 224 267
130 178 186
131 170 251 267 309
132 197 238 270
133 140 219 325
134 186 254
135 163 182 202 230 271 302 348
136 202 208 308
137 215 224 322
138 148 169 330
139 202 207 311 341
140 209 226 340
141 283 286 291 302 328 331
142
143
144
145
146 244
147 307
148 198 238 331
149 204 318
150 160 220 318
151
152
153 197 256 298
154 165
155 177 339
156 249 253 321
157 339
158 232 314
159 330
160 274 297 316
161 266
162 186 290
163
164 319 333 342 345
165 205 250 292
166 278 316
167 223
168 176 253
169 275
170 184 233
171 339 347
172 312 318
173
174 206 207
175
176 338
177 253 256 301 330
178 189 241
179 286
180 245 281
181 202 214 230
182 193
183 231 246 301
184 234
185 218 298 313
186 193 238 304
187 223 230 272
188
189 235
190 206
191 255
192 286
193 202 216 256 305
194 276 343
195 200 243 286 340
196 214
197 216 239
198
199 221
200
201 338
202 226 264
203 294 317
204 298
205 238 316
206 244 284 291 310
207 289 323
208 225 236 240 253
209 228 329
210 343
211
212
213 304 308
214 291
215 255 259 312
216
217
218 311
219
220 221
221
222 256
223 249 271
224 237 240 285
225 342
226 315
227
228 316 330
229 346
230 299
231
232 342
233
234 295 334
235
236 311
237 273 296 316
238 299
239 276
240
241
242
243 295 298
244
245
246 279
247 250 255
248
249
250
251 308
252 300
253 256 267
254 308
255 258 301
256 319 341
257
258 266 296 334
259 330
260
261 310 316 332
262
263
264 308
265
266 267
267 271
268 297 306 322
269 299
270 281 320
271
272
273 295 318
274 314
275 299
276
277 342
278
279
280 295 310 336
281
282
283 345
284 326
285
286
287 328
288 331 332
289 340
290
291
292 332
293
294
295 327
296 315
297 327
298 337
299
300
301
302 311 343
303 309 313 334 349
304
305
306
307 325
308 334 338
309
310
311 321
312 317
313 339
314
315
316
317
318
319 335
320
321
322 324
323
324 336 346
325
326
327
328
329
330
331
332
333
334
335
336
337
338
339
340
341
342
343
344 347
345
346
347
348
349
