#tables.py
# GMT Mon May 22 11:23:52 2023
# 
0 4 56 154
1 39 91 158 175 196 301 307 312
2 130 302
3 59 71 274
4 87 115 118
5 50 53 145 157 191
6
7 76 153 172 206 227
8 18 68 135 168 187 213
9 52
10 247
11 18 58 68 85
12
13 150 306
14 38 53 61 119 131 235 236 292
15 20 71 112 159 243 323
16 36 151 283
17 61 88 166 331
18 106 160 230 248 334 349
19 56 160 175 209 250 286
20 80 138 246
21 116 252 279
22 114 157 262
23 24
24 37 124 190
25 68 108 117 131
26 57 167 242 248 262
27 190 251 267 333
28 102 155 348
29 67 252 260
30 42 73 263 297
31 47 134 270
32 38 58 242
33 106 196
34 59 155 156 161
35 87 94 240 246 247 276
36 109
37 49 57 64 118 121 124 208
38 233
39 42 55 306
40 304 335
41 95 243
42 145 225
43 210 300
44 213 223 246
45 152 204 214 239 319 338
46 65 102 206 292 327 347
47 85 98 207 260
48 62 161 324
49 52 113 295 330
50 264
51 67 214 306 313 317
52 62 260
53 76 295
54 185 284 327
55 200
56 219 250 335
57 92 186 217 250
58 111 137 173 213 259 346
59 78 248
60 143 155 179 183 223 258 263
61 101 129 177 205 210 296 324
62 134 211 273
63 107 138
64 149 231
65 89 171 276
66 167 196 257 290
67 169 205 251 290 329
68 159 169 250 293
69 82 238
70 71 125 262 293 309
71 134 267 305
72 151 197 344
73 79 138 192 212 232
74 106 121 158 165 257 310
75 137 192 243
76 121 127 269 288 302
77 311
78 113 195 238 333
79 143 172
80 136 179 212 230
81 138 182
82 133
83 122 218 289 343
84 177 321
85 187 291 329
86 103 111 193 324
87 160 232 319
88 148 305
89 281 309 333
90 149 227 306
91 94 98 110 251
92 164 290 300
93 343
94 149 162 312 322
95 328
96 177 183 257 278 290
97 211 225 320
98 175 187 192 306
99 102 199 213 248
100 249
101 136 152 217 281
102 160 263 270 297 301 332
103 243 311
104 266 268 293 300
105 204 219 225
106 185 291
107 210 237
108 180 314
109 145 234
110 146 258 336
111 251
112 183 320 322 338
113 184 188
114 167 320
115 142 309 341 348
116 243
117 148 216 338
118 280
119 153 341
120 121 123 135 148 154 252 260 286 310 321 340
121 203 219 316 321
122 199 317 322
123 167 269 291 294
124 173 223 307
125 212 229 347
126 194 219 339
127 144 190 221 280
128
129 154 161 199
130 158 180 235 307 324 345
131 314 335
132 197 331
133 159 217 342
134 182 275 314 315
135 160
136 176 187 250 263 331 345
137 196 323
138 189 220 288 331
139 276 291
140 163 164 207 243 315
141 166 277 284 293
142 169 178 264
143 194 232 288 315
144 160 253 349
145 156 279
146 219 322
147 285
148 179 215 328
149
150 235
151 232 233 258 294
152
153 217 222
154 189
155 303 340
156 168 238
157 219 257
158
159 264 297 308
160 296 299
161 215 285 304
162 202 311
163 187 217 242 287
164 278 315
165
166
167 231
168
169 236 277 293 310 311
170 223 279
171 182 312 339 346
172 186
173 253 336
174
175 231
176 184 255 302
177 293
178 274 283
179 208 286
180 185 200 278
181 184 253 265 297 313
182 234 320
183 334
184
185 226 307
186 335
187 229 341
188 326
189 229 236 301 343
190
191 275 347
192 244 254 264
193 204 259 290 335 341
194 243 344
195 218 243
196
197 236 253 279 283 332
198 238 251
199 270 306
200 288 338
201 233 253 323
202 254 307
203 343
204 298
205
206 263 281 288 295 332
207 289 330
208 223 258 260 273 277 311
209 224 289 301 347
210 269 326
211
212
213 341
214 216
215 275
216
217
218 228 266
219
220
221 289 340
222 279 339
223 293 347
224 295 337
225 237 274 333
226
227 242
228 272
229
230 232 274
231 240
232 317
233 304 326
234
235 263 265
236
237 307
238 239 310
239 253
240 242 309
241 331
242 307
243
244
245 259
246 294 312 333
247
248 313
249 293
250 343
251 323
252 269 293 333
253 323
254
255 288 297 325
256 271
257 278 348
258 270 278 286
259 330
260 286 292
261
262
263 307 334 347
264 295
265 326 329
266
267 295 325
268 282
269 284
270 278 281
271
272
273 276 318
274
275
276 278 296 308
277 287 308
278
279
280 284 323
281 295 309
282
283 290
284
285 312
286
287
288 338 342 344
289
290
291
292
293 334 348 349
294 304
295 338
296 329
297
298
299 306 316
300 347
301
302
303 306 321 332 338
304
305 326 330
306
307 326
308
309
310 338
311 314 344
312
313
314
315
316
317
318
319
320
321 324
322
323
324 337
325
326 339
327
328
329 344
330
331
332
333 336
334
335
336
337
338
339
340
341
342
343
344
345
346
347
348
349
