#tables.py
# GMT Mon May 22 11:23:52 2023
# 
0 62 85 138 249
1 21 179 266
2 50 222 241 264 341
3 92 288
4 68
5
6
7 311
8 42 81 153 178 274 337
9 24 94 162 178
10 91 124 228 315
11 54 94 98 122 140 333
12 105 188 290 303
13 59 107 205 232 237
14 66 140 231 236 343
15 202 321 327
16 60 68 89 102 114 161 197 214 233 249
17 151 160 200 277 301
18 110 127 168 289
19 193 213 251
20 250
21 79 93
22 305
23 272
24 159 188
25 192 200
26 44 157 212 292 293
27 97 107
28 211 301
29 60 68 202 236 288
30 99 203 206 267 298 308
31 87 89 115 133
32 306 314
33 126 139 158 206
34 122 127 172 225 313
35 59 86 128 159 161 174 213 235 290
36 67 101 228 235 280 293
37 77 111 121
38 72 152 257 272 288
39 156 342
40 111 144 202
41 52 192 269
42 154
43 106 109 159
44 126 228 286 314
45 80 87 248 271
46 102 131 190
47 55 83 194 249 301
48 79 174 332 333
49 52 104 202
50 151
51 60 112 192 200 275
52 93
53 84 253 289
54 147 164 199 248 301
55 172 238 330
56 105 269
57 178 193 282 297
58 106 308
59 106 108 214 223
60 90
61 118 128 226 241 249
62 70 231
63 184 291 334 345
64
65 99 193 344
66
67 151 224
68 131 246 342
69 101 109 257 345
70 132 140 219
71 143 168 171
72 125 156 186 244
73 250 286
74 95 119
75 109 124 142 171 255 277
76 106 248 314
77 98 314
78 300
79 173 225 314
80 131 314
81 269 278
82 108 186
83 104 184 214 314
84 146 157 172 325
85 97 215 327
86 117 181
87 166 198 266 326
88 104 159 300 319
89 122 154 167 271 306 328
90 241 323 325
91 145 243
92 222 344
93 121 332
94 106 218
95
96 256 348
97 194 227 258 289 310 348
98 314
99 307
100 121 128 134 236
101 131 157 191 306 348
102 170 172 221 262 281
103 181 219
104 137 250 266
105 219 257
106 139 157 215 225
107 208 231 296
108 172 213 321 349
109 121 130 131 266 305 346
110 122 139
111 131
112 153 298
113 124
114 208
115 135 193 320
116
117 175 262
118 202 253 270 284
119 329
120 147 221
121 181 245 261
122 245 253 288
123
124 256 289
125 274
126 181 283 335
127 239 341
128 162
129 244 319
130 153 255 298 318
131 220 307 320 332
132
133 337
134 141 225
135 258
136 328
137 191 203 338
138 311 333
139 259 304
140 144 194 209 219 319
141 277 281
142 158 175 298
143 182 195 345
144 154 180 213 266 321
145 221 242 265
146 309 311
147 260
148 318 319 341
149 189 212
150 193 228
151 182 185 207 227 253 280 302
152 247
153 176
154 169 227 249 251 252 253 305
155 175 271
156 161 177 208 213 221 222 320 343
157 220 289
158 201
159 196 290
160 185 190 245 254
161 192 222
162 240 329
163 218
164 178 184
165 253 256 257 343
166
167 222
168 176
169 175 213 243 248 276
170 185 293
171 213 248 271 281 287
172 276 312
173 214 217 289 302
174
175 182 192 227 249 275 281 288 323
176 185 267
177
178 225 234 249 301 316 341
179 317
180 244 259
181 305
182
183 188 213 299 322 335
184 320 344
185
186 259 330
187 199 269 300
188
189 206 316
190 319
191 207
192 219 223 288 318
193 336 339
194
195 273
196 211
197 263 323
198 215 319 333 349
199 203 337
200 212 267 320
201 277
202 214 256 274 343
203 257
204 213 258
205 242 263
206
207
208
209 273
210 312
211 212 256
212 221 343 346
213
214 269 297
215
216 255 267 309
217 234
218 322
219 236
220 254 292
221 283
222 266 285 287
223 317 332
224 225 255 291 294
225
226 306
227 242 286
228 291 311 338
229 309
230 305
231 266 309 335
232
233 331
234 286
235 236
236 284
237 275 331
238 311
239 267
240 241
241 253 272
242
243 286
244 281 328
245 333
246
247 249 261
248 334
249 258 276 322
250 259 313
251 293
252
253 261 264 271
254
255 282 308 319 339
256
257 303
258
259
260
261
262 314
263 323
264
265
266
267 269 306
268
269 306
270
271
272
273
274 284 326
275 315
276
277 279
278 288 305 346
279 287
280 328
281
282 304 328
283 299
284 306
285 336 345
286 304
287
288
289 330
290
291
292 346
293
294 341
295
296 313
297 319 343 345
298 343
299 325
300 314
301
302
303 348
304 345
305 318
306 335
307 311
308 325
309
310 347
311
312
313
314
315 318
316
317
318
319
320
321
322
323 334
324
325
326 333
327
328
329
330
331
332
333
334 344
335
336 341
337
338
339
340
341
342
343
344
345
346
347
348
349
