#tables.py
# GMT Mon May 22 11:23:52 2023
# 
0 90 109 387 401
1 326 408 454 487
2 51 63 79 113 394 478
3 6 56 123 124 191 258 268 273 379 448 493
4 12 26 56 196 253 377 485
5 37 64 128 132 137 247 451
6 12 17 36 74 88 134 177 396 458
7 52 66 103 159 163 321 346 378 466
8 129 167 191 223 255 361
9 203 261 318 334 429 456
10 398 401 417 472
11 34 149
12 115 119 262 406 446
13 71 80 223 350 450
14 27 147 317 344
15 149 152 203 265 337 440 485
16 65 94 197 209 229 324 345 388 477
17 19 78 91 97 186 411
18 113 422
19 29 143 262 274 491
20 367 381 429 442 479
21 70 344 385 482 490
22 89 107 136 264 322 329 391 470
23 98 220 238
24 244
25 53 216 233 295 439
26 54 206 404
27 166 175 216 280 312
28 159
29 90 217 240 335 422 440 461 463
30 63
31 245 264 489
32 101 202 402 469 488
33 123 144
34 73 165 265 442 472
35 60 321 344 381 456 464 468
36 89 111 114 119 144 161 212 214 257 277 434 469 478 490
37 153 301 344 404 432
38 55 61 107 252 316 375 384
39 193 251 260 290 327
40 235 276 465
41 64 66 76 88 151 155 166 299 476
42 55 210 275 328 362
43 116 126 131 195 283 291 322 373 404 441
44 297 350
45 71 133
46 64 238 296 299 442
47 343 394 465
48 184 381 403 470
49 68 70 136 157
50 154 337 446
51 342
52 169 372 439
53 120 136 158 223 360
54 110 116 227 494
55 72 111 191 373 396 439
56 211 237
57 62 66 107 157 203 260 317 393 402 415 476
58 186 221 294 406
59 121 149 214 239 318
60 236 302 310 371 444 451
61 98 172 234 332
62 142 263 285 327 361 363
63 279 349
64 179 436
65 95 97 207 241 269 307 332 347 361
66 84 171 389
67
68 112 131 245
69 136 159 184 242 278 312 367 371 383 384
70 141 299 397 404 424
71 85 141 195 216 263 369 398 467
72 156 214 328 386 409
73 132 373 407 427 440 449
74 114 146 195 211 363 408 458 464
75 114 247 290 358
76 92 245 392
77 132 170 270 275 379 429 449 487
78 135 188 287 302 407
79 100 116 188 224 270 432
80 81 177 186 228 381 452 493
81 139 359 437 450
82 161 200 316 450
83 229 353 378 385
84 98 193 347 452 465
85 153 175 186 267 435
86 116
87 170 225 255 287 343 454
88 204 223 283 310 455 465 473 487
89 158 232 246 256 384 385 407 434 456 489
90 231 268 362 393
91 100 101 133 188 432
92 140 240 304 343 349 469
93 392 470
94 280 407 451
95 224 269 473
96 204 263 275 469
97 211 392 423 424
98 284
99 182 213 332 333 364 462
100 159 179 337
101 130 206 217 245 282 293 416
102 106 191 194 231 234 239 284 311 321 378 473
103 141 203 344 415 433 474
104 139 286 304
105 462
106 207 209 240 268 316 328
107 156 305 361 446
108 180 378
109 153 356 363 391
110 203 212 305 466
111 217 356 373 374
112 337 479
113 259 263 417
114 117 163 184 218 240 366 440 474 489
115 196 197 222 332 499
116
117 278 280 310 377 407 465
118 176 194 284 441
119 125
120 138 141 245 411 465
121 172 191 310 316
122 150 218 222 283 284 321 333
123 186 208 486
124 161 267 361 405 445
125 193
126 148
127 175 204 241 386 454
128 250 295 338 352
129 145 167 233 303
130 135 247 270
131 147 159 241 366 490
132 206 231 294 342 348 486
133 291 405 462
134 149 251 371 408 486
135 159 270 308 393 481
136 145 204 217 327 338 347 398
137 153 166 211 231 288 399 497
138 489
139 238 282 285 312 349 402 454 457 481 489
140 295
141 147 256 271 333 483 499
142 377 446
143 195 219 446 459
144 252 362 381 413
145 228 341
146 359
147 239 265 448 460
148 221 320
149 264 270 478
150 347 357 433 496
151 178 273 363
152 163 376 430
153 312 416 458 484 485
154 275 281 294 380 440
155 281 441 497
156 187 256 306 358 359
157 172 190 331 378
158 190 442
159 215 259 312 483
160 191 208 227 311 395 467
161 235 250 332
162 280 287 289 329 444 472
163 181 208 291
164 324 411 499
165 179 208
166 174 244 368
167 305 460
168 266 334 375 414 449
169 248 254 416
170 317
171 175 226 238 467
172 198 226 284
173 183 256 287
174 355 463
175 180 188
176 230 255 341 377 411
177 298
178 225 263 270 299
179 194 266 326 416 455
180 318 330 400
181 208 215 322 325 341 382
182 193 252 266 484 488
183 233 419 445 470
184 190 407 412
185 214 244 277 297
186 255 270 455
187 203 215 327 351 423
188 190 194
189 195 290 430 452
190 291 368
191 213 353 407 417
192 299
193 432 438 487
194 251
195 342 379
196 271 413
197 286 331 338
198
199 258 281 384 414
200 349 481
201 382
202 225 334 452 496
203 215 277 286 340 375 385 446 465 487
204 271 319 458
205 220 334 476
206 413 461
207 243 257 490 497
208 227 367 418 463
209 345 394 420 481 494
210 269 393
211 272 421
212 290 333 380 458
213 479
214
215 284 306 312 355
216 270 290 330 360 464 490
217 233 287 488
218 229 282 387 404
219 222 268 368
220 223 305 324 373 479
221 386 481
222 273 310 314 335 407 412 419 442
223 290 330 472
224 228 284
225
226 228 235 282 386 393 409
227 336 429 437
228 481
229 467 480 481
230 322 356 370 380 479 498
231 342 396 467 491 493
232 329 412 419
233 439
234 250 305 314 327
235 378
236 439 446 462
237 328 397 493
238
239 343 416
240 314 328
241 398 417 434 454 467
242 247 341 347 368 425
243 337
244 253 313 399 487
245 319 350 458 474
246 346
247 283 311 472
248 255 368 392
249 350
250 306 339 383 496
251 295 394 403 495
252 291 444
253 260 276 444
254 311 438
255 271 431
256 326 411
257 370 388
258 347 386 401
259 379 413 431
260 290 315 380 460
261 262 388 497
262
263 269 375
264 280 368 371 398 438
265 274 312 345 440
266 462 473 474
267 291 339 375 499
268 354
269 320 329
270 358 485
271 312
272
273 410
274 341 466 471
275 347 470
276 371 417 431
277 314 322 365 466
278
279 297 464
280 499
281 290 389 437
282
283 288
284 298 407 412 488
285 400 468
286 306 366 460 468
287 312 318 426 460
288 301 376 450
289 406
290 328 459 484
291
292 339 358 419 480 494
293 306 440 469
294 332
295 397 431 444
296 470 483
297 492
298 304 316 350 351 419 481 496
299 307
300 333 337 360 368 393 400
301 410 418 443 492
302 444 451
303
304 423 430 473
305 438
306 431 448 449 483
307 355 467 476
308 465
309 463 472
310 369 449
311 337 413 418
312 451
313 342 354 370 410 487
314 496
315
316 370
317
318
319 486 497
320 354 367 399 486
321 355 388 405 488
322 391 418
323 374 455
324 339
325 338 341 364
326
327 453 457 474
328 403 415
329 347 415
330 334 369 407
331 342 426
332 437
333 365
334 364 393 397 475
335 389 485
336 345 404
337
338 437
339 347 376 399
340 441
341 418 497
342
343 490
344 455
345 356 408
346 424 429 485
347 372 375 407 477
348 419 427 430
349
350 408
351 461 466
352 454 489
353 444
354 360 445 468 492
355 386 411 412 460
356 460 466
357 358 438
358 447
359 368
360
361 462 469 476
362 458
363 424 457 486
364
365 382 472
366 372
367 379 410
368 415
369 438
370 439 457
371
372 385
373 388 398 421
374 420
375 429
376 398 400 412
377 440
378
379 417 441 463 491
380 397
381 410 423
382 474
383
384 401 443
385
386
387
388
389 437 447 452 468 488
390 445
391 430 482
392 420
393 431
394 414
395 409 473 489
396 399 493
397 471
398 447 496
399 445
400 491
401 487
402
403
404
405
406 456
407 432
408
409 424 479
410 452
411 430 484
412
413
414 496
415 490
416
417
418 495
419 475
420 423 491
421 490
422
423
424 428 441
425
426 475
427
428
429
430 469
431
432 454
433
434 436
435 441 457
436
437
438 457
439 458
440 451
441
442
443
444
445
446 452
447
448
449
450
451
452 490 492
453
454 471
455
456 461
457
458 485
459
460
461 473
462
463
464
465
466
467
468 485
469
470
471
472
473
474
475
476 497 499
477
478
479
480 490
481
482
483
484
485
486
487
488
489 496
490
491
492
493
494
495
496
497
498
499
