#tables.py
# GMT Mon May 22 11:23:52 2023
# 
0 29 45 52 84 391
1 28 36 170 251 427 453
2 10 69 160 189 463
3 66 94 107 108 119 336 489
4 172 230 390 472
5 105 120 134 140
6 43 58 80 125 232 281 438 470
7 12 55 186 192 200 245 280 331 347 386 411
8 305 445
9 96 263 471
10 314 458
11 72 290 315 396 407 408
12 57 86 252 312
13 54 139 186 213 267 379 476
14 83 137 382 386 482
15 66 154 272 316 464
16 93 122 453
17 44 203 349 460
18 72 152 368 386 395 401 439
19 246 260 286 303 353 402
20 22 104 223
21 91 139 142 320 339 381 433 461
22 34 43 97 109 221 234 251 307 401 484
23 146 184 385
24 27 54 70 160 362
25 89 271 316 392
26 68 113 163 294 326
27 45 120 334 406
28 66 123 151 163 274 402 424 499
29 104 123 169 235 308 364 379
30 60 75 99 211 453
31 148 444 455
32 83 152 315 349 489 492
33 62 144 265 361 387
34 103 228 237 269 333 460
35 54 218 361 402 451 463
36 209 336 338 376 401 413
37 106 475
38 68 172 210 216
39 44 91 164 323 456
40 44 334 421
41 187 359 431 450 497
42 58 242 360 403 430 433 454
43 82 270 441
44 80 84 405
45 90 239
46 74 83 130 214 267 329 478
47 115 194 357
48 82 183 207 445
49 67 105 172 215 412 428 494
50 229 291 334 358 378 413
51 132 162 204 240 322 351 495
52 67 120 133 140 243 262 406 479
53 94 124 335 372 421 430 458 483
54 123 231 417 439 496
55 64 144 427 429 463
56 192 235 278 445
57 70 239 241 301
58 82 96 137 220 284 373 412 431 470 478
59 117 244 275 355 371 377 482
60 299 361 375 379 457 468
61 236 288 346 371
62 136 160 164 226 296 378
63 225 341 372 389
64 146 177 243 368
65 175 258 436 474 476 485
66 124 221 451 471
67 76 349
68 99 357
69 177 210 215 409 469 478 493
70 162 168 238 269 425 459
71 72 122 143 296 352 407 473 483
72 177 228 261 436
73 160 162 248 269 396 493
74 125 132 305 337
75 139 177 311 353
76 197 261 266 284 493
77 91 101 119 143 312
78 468
79 113 117 167 197 272 311 462
80 88 143 158 206 331 428 453 489
81 228 247 347 349 357 408
82 87 472
83 333 346 373
84 288 328 341 495
85 170 230 235 334
86 136 165 214 312 436
87 155
88 176 307 347 497
89 378
90 96 102 109 191 193 216 255 443
91 321 411 496
92 147 301 321 452
93 429 452
94 155 214 223 244 351 403
95 309 411 477
96 106 234 249 337 435
97 182 369
98 112 178 196 494
99 124 171 223 266 287 352 365
100 178 278
101 255 274 320 389 416 434
102 295 296 300 306 340 397 404 438 457
103 138 219 437
104 266 365
105 195 223 276 372
106 160 202 383
107 178 219 300 314 325 411
108 114 160 273 340 354 358 370 395 457
109 156
110 139 244
111 207 228 243 287 334
112 216 310 346
113 177 376 423
114 257 379 385
115 192
116 325 350 447
117 216 270 274
118 225 307 312 333 495
119 131 181 268 326 376 379 464
120 127 165 401 450 471
121 164 262
122 240 368 462
123 210 230 463
124 169 243 310 349 361 395 437 458
125 252 272 318 430
126 155 274 323 330
127 185 254 352 356 484
128 472
129 139 161 255 293
130 158 245 456
131 219 326 489
132 196 228 273 276 290 388 412
133 141 353 412
134 424 468
135 200 332 339
136 138 243 255 291 299 362 405 441
137 203 365 473
138 220 269 398 438
139 220 276 282 323
140 196 366 444
141 146 413 428 457 474
142 149 213 218
143 322 398 478
144 165 189 226 317 435
145 170 357
146 232 282 293 298 449 490
147 243 285 306 312 335 373 379
148 260 273 323 418 490
149 183 302 493
150 166 290 332 342 438 458
151 180 256
152 203 304 356 394
153 177
154 173 263 270
155 179 275 373
156 195 331 426 453 472
157 328 425
158 236 404
159 174 211 212 230 253 316 415
160 314
161 239 247 418
162 174 177 207 234 247 416 426
163 223 273 351 414 425
164 167 225 243
165 203 357
166 299 353 457 460
167 174
168 210 275 292 352 425 470 478 492 494
169 228 446 463 491
170 178 198 381 419 479
171
172 287 436 464 480
173 234 473
174 203 290 350
175 180 222 348 447
176 183 220 267 284 388 451
177 366
178 285 401 456
179 180 231 299 338 380
180 215 339 394
181 317 367 401 462
182 208 369
183 216 377 401 409
184 244 255 435 481
185 234 353 363 486
186 233 423 477
187 248 271 349 443
188 200 235 347 443 496
189 196 258 371 377 396 411
190 218 220
191 372 374 387
192 323 398 499
193 198 354 360 384 397 415 435
194 242 444
195 237 379 402 496
196 291
197 215 254 261 346 411 487
198
199 226 375 480
200 216 273
201 256 273 305 317 374
202 276
203 321 358 431
204 264 344 370
205 308 337 372
206 216 262 287 432 465
207 252 310 323 380
208 245 247 337 386 455
209 442
210 428
211 328 353 365 487
212 218 262 310 373 396
213 224 239 351
214 255 344 431 464
215 255 265 268 398
216 342
217 226 367 452
218 293
219 299 304 387 447 475 481
220 318 362 435
221 224 317 330 393 400 418
222 226 331 365 434 445
223 440
224 318 387 447
225 267 352 394 418
226 360
227 318 378
228 233 318 391
229 431
230 379 416
231 304 347 378 385 400
232 251 335 336 370 491
233 311 452
234 340
235
236 303 344
237 250 293 420
238 263 339
239 286 392 455 457 478
240 288 320
241 248 301 319 454 485
242 305 462
243 331 499
244 271 435 477
245 271
246 322 433 464 494
247 260 451 479
248 249 359
249 256 279 283 302 355 368 372 446 470
250 317
251 446
252 316
253 404 439 482
254 463
255
256 347 360 400 479
257 359 480
258 338
259 272 321
260 263 277 412 458 462
261 262 266 320
262 280
263 379 496
264 302 384 432 434 494
265 401 405 433
266
267 301 355 422 482
268 295 366
269 325 331
270 338 370
271 350 384 410
272 410 430 486
273
274 332 356
275 281 454
276 380 433
277 295 395
278 414
279
280
281 305 357 419 443
282 455 475 483
283 303 326 479
284 401 444 477
285 327 330 358
286 328 499
287 288 296 320 323 331 486
288 297
289 296 340 366
290 420
291 335 398 411 439
292 367 375 444 462
293 486
294 362
295 349
296 333
297 316
298 304 404
299 412 456
300 376
301 397 419
302 399 499
303 376
304 407
305
306 329 353 383 486
307 348 353 373 375
308 438 444
309 375 433
310 318 357 373
311 419
312 489
313 369
314 385 401 483
315 335 473 484
316 380 431
317 387 475
318 467
319 322 499
320 462
321 360 490
322 363 412
323 349 432 459 481
324 464
325 407 431 488
326
327 341 443 488 491
328
329 361 440 480
330 493 499
331 367
332
333 441
334 335 420 437
335 421 484
336 355
337 398 406
338 423 454 483
339 393
340
341 448
342 422 487
343
344 363 384
345 354 359
346 372 379 404 423 443
347
348 473
349 436
350 368
351
352
353 480
354 358 445
355 431
356 392
357 360 379 464 481
358
359 377 383
360
361 487
362 421 494
363 375 431
364 431
365 484
366 480
367
368
369 399
370 383
371 426 433
372 381 429 430
373 472
374 480 484
375 390 397
376 475
377 490
378 394 492
379
380
381 471 483 485
382 464
383 427
384 499
385 387 397
386 392 404
387 397
388 441
389
390 403 410
391 416 424
392 419 458 479
393
394 418 443 485
395 465
396
397 444
398 449 488
399 496
400 408
401 420
402 403
403
404 451 481
405 479
406 436 442
407 410
408 428 433
409
410 495
411 490
412 440
413 468
414 481
415
416
417 445
418 481
419 424 448 463 496
420
421
422 425 471
423
424 476
425 430
426 461
427 442 456 492
428 476
429
430 499
431 477
432
433 457
434
435
436
437
438
439
440 499
441 457
442 466
443 498
444 480
445
446
447 485
448
449 484
450
451
452
453 476
454 499
455
456
457
458
459
460 464
461 482
462
463
464
465
466 484
467
468
469 493
470 496
471
472 484
473
474 498
475
476 495
477 483
478
479
480
481
482
483
484
485
486
487 494
488
489
490
491
492
493
494
495
496
497
498 499
499
