#tables.py
# GMT Mon May 22 11:23:52 2023
# 
0 71 297 377 406
1 18 59 226 278 311 333
2 72 150 220 283 424 466
3 212 263
4 64 71 254 392
5 32 39 71 130 205 227 340 435
6 241 251 305 346 455 478
7 113 186 209 246 286 313 370 486
8 222 263 409 426 452
9 255 328 400 456
10 66 123 193 331 462
11 159 257 258 269 403 430
12 189 202
13 117 149 164 236 295 398 437 488 494
14 154 386 391 422
15 197 203 288
16 42 81 143 216
17 101 270 394
18 87 136 209 257 456 471
19 122 470
20 300 317
21 77 81 126 259 280
22 159 266 377
23 36 109 133 156 205 265 411
24 104 124 213 306 363 416
25 298 302 496
26 84 151
27 80 358 378
28 104 149 189 199 359 453
29 106 114 192 225 259 289 322 358
30 107 322 360 384 469
31 48 146 200 259 278 400
32 38 418 452
33 365 366 428
34 188 264 288 329 411 480
35 187 208 269 290 310 326
36 183 198 349 383 406
37 44 68 147 397 443 483
38 65 118 126 196 326 420 433
39 68 190 307 344 409 490
40 135 379 458
41 87 105 408
42 88 103 155 168 173
43 85 191 251
44 188 314 446
45 118 178 216 258 267 342 396 426
46 189 249 250
47 101 215 348 355 425
48 85 98 260 320
49 107 382 395 499
50 83 262 263 325
51 231 232 347 377
52 202 209 267 375
53 54 193 286 354 418 452 483
54 135 187 346 366 452
55 90 149 392 395 478
56 371 481
57 121 154 156 195 214 426
58 120 157 283 420
59 68 85 92 108 122 224 268 348 353 403
60 117 121 165 308 310 354 440 476
61 122 124 191 223 239 361
62 70 266 280 284 301 314 328 333 426
63 131 361 367 369 455 480
64 155 296 340 498
65 75 98 218
66 91 173 181 217 232 379
67 100 144 216 271 342 363 430 484
68 120 168 200
69 150 295 494
70 168
71 91 215
72 95 103 189 248 358
73 275 299 472
74 196 209 241 260 266 454
75 277
76 357 470
77 110
78 125
79 369 479
80 107 233 293 438
81 175 189 220 454 492
82 127 214 233 267 342 444 450
83 112 248 426
84 169
85 272 354 372 447
86 87 112 149 233 245 311 342 433
87 88 135 218 418
88 163 269 385 431 458 486 499
89 160 176 188 205 231 428 438 484
90 98 322 388 424
91 250 425 479
92 163 185 417
93 142 192 318 483
94 351 427 485
95 139 159 177 297 394 486
96 254 260 266 280 293 310 385
97 357
98 143 367
99 128 216 363 399 458
100 135 158 204 273 295 314 369
101 112
102 154 360
103 155 212 259 270 309
104 160 299 379 420 446 454
105 180 252 264 277 302 444 450
106 264 379 456
107 121 167 205 246 426
108 166 408
109 198 341 364 408
110 175 183 191 365 453 478
111 154 440
112 362
113 321 417 451
114 234 331 334 350
115 155 346
116 171 238 296 325 374 396
117 181 215 266 303 374 398
118 459
119 137 196 257 377 476
120 174 225 248 252 412 482
121 176 257 290 307 429 435 469
122 270 358 419 437 457
123 163 284 460
124 173 242 434 481
125 148 485 488
126 155 364 429 437 494
127 202
128 169 189 190 430
129 232
130 285
131 299 416 422
132
133 314 419 465
134 368 424 451 480
135 372 437
136 357 381
137 313 351
138 472 479 494
139 142 214 275 491
140 155 197 199 389
141 152 279 306 333 426 460
142 234 443 489
143 266 340 463
144 290 329 349 405 445
145 185
146 175 316
147 154 258 336 354
148 460 467 483 496
149 165 268 330
150 212 240 263 413 415 479
151 172 206 247 303 307 347
152 250 430
153 227 288 320 424 451 453
154 321 465
155 357 459
156 265 299 307 366
157 341 371 408 421 423 428
158 163 298 384 461
159 258 326 365 386
160 266
161 192 236 463
162 282
163 294 307 330 471
164
165 220 349 398
166 226 292 316 338 499
167 236 367 377 451
168 301 338 387 417 495
169 303 362 393
170 198 240 272
171 290
172
173 200 202 240 341 352 392 413 444 453
174 236 335 485 496
175 216 307 316 396 481
176 267 274 304 342 369
177 216 305 355 462 471
178 189 202 206 305 429
179 196 206 486 490
180 353 445
181 289 340 392
182 298 456
183 221 298 391 474
184 348 350 354 489
185 283 491
186 301 307 461
187 278 316 339 423 444 461
188 206 241 308 335 365
189 283 298 420 423
190 203 283 284 424 494
191 273 293 296 312 431
192 256 408 479
193 214 492
194 287 403 422 472
195
196 205 227 374 471
197 226 289 297 329 422 458
198 298 305
199 248 278 313 393
200 254 307 327
201 213 223 310 407 455 475
202 252 361 375 398 402 463
203 313 476
204 227 293 324 335 375 417 465
205 313
206 240 327 468
207 266 272 289 350 355 442 451
208 316 420 483
209 393
210 255 352 444 454
211 399 415 492
212 215 278 352 366 412
213 377
214 293 304 332 373 495
215 221
216 249 272 363 394 495
217 277 289 462 474
218
219 392 425 484
220 233 348
221 342 390 406 421 450
222 231 281 323 434
223 227 278 426 465 495
224 305 341 353 354 369 418 426
225
226 348
227
228 304 326 389 495
229 491
230 317
231 271 310 333 384 395 432
232 249 287 439 483
233 411 492
234 278 310 384 443
235 348 361
236 255 262 391
237
238 453
239
240 366 370 377 438
241 243 429
242 492
243 286 332 401 496
244 278 460
245 247 310 425 444 452 497
246 261 294 332 372
247 359 369 410 476 497
248 424 487
249 257
250 301 450 456
251 496
252 275 291 340
253 320 374 410
254 288 317 358 411 450 485
255 314 422
256 370 386 396 463 469
257 279 341 451
258 323 413
259 378 391
260 303 394
261 288
262 397 412
263
264 266 423
265 275 365 452
266 330 334 342 480
267 418
268
269 354 416 450 484
270 279
271 327 440
272 383
273 434 494
274 453
275 363 431
276 348
277 319 330
278 288 313 341 363 477 479
279 406
280 308 334 418
281 337 462
282 323 329
283 381 433 454
284 285 318 446
285 417
286 309
287 429 454
288 489
289
290 294 480
291 347
292
293 386
294
295 332 368 445
296 312 417
297 368
298 396 460
299 497
300 317 470 472
301 496
302 447 474
303 323 360 397 402 406
304
305 379 480
306 393
307
308 316
309 371 408 411 460
310 336
311 333 430 460
312
313 366 454 482
314 316 333 449 472
315 469
316 394 429
317 322 463
318 479
319 427 496
320 407 448 461 486
321 322 386 420
322 494
323
324 350
325 434 496
326 424 431
327
328
329
330 460
331 357 457
332
333
334 435
335 399 449 451
336 457 468 487
337 344 401
338 344 448
339 363 422 455
340 427
341 422 454
342
343 451
344 348
345 413
346 461 484
347 397
348 436 452
349 419 498
350 487
351 354
352 498
353 405 497
354
355 381 399 407
356
357
358 405 465
359 416 451 463
360
361 412
362 380 466
363
364 375
365 402 410
366 380 418
367 397 432 465
368 425 441
369 425 476 490
370
371 417 488 494
372
373 377 435
374
375 469
376 498
377 432 438
378 394 457
379 415
380
381
382 393
383 390 393 404
384 389 446 451
385
386 401 403 457
387 475
388 473
389 425 442 469
390 405 422 446
391 411
392
393 429
394 490
395 413
396 398
397
398
399
400 492
401
402 413 453
403
404 442
405
406 412 414 448 498
407 432
408 421
409
410
411 444 486
412
413 417
414 437 441 484
415
416 495
417 434
418
419 438 485
420 499
421
422
423
424 492
425
426
427 453 468 478
428 450 482
429
430 441
431 465 484
432
433
434
435
436 494
437
438
439
440
441
442 464
443
444 479
445
446
447
448
449
450
451
452
453
454
455 494
456
457 473 492
458
459 464 499
460 470 472
461
462
463 496
464
465 485 489
466
467
468
469 476 493
470
471
472
473
474
475
476 479 494
477
478
479
480
481 483
482 494
483
484
485
486
487
488
489
490
491 497
492
493
494
495
496 498
497
498
499
