#tables.py
# GMT Mon May 22 11:23:52 2023
# 
0 151 387
1 83 314 402 430
2 18 60 117 326
3 31 175 272 353
4 141 277 283 399 421 441
5 101 339 377
6 478
7 37 78 111 176 194 306 409
8 181 265 267
9 90 206 305 307 499
10 29 121 123 213 409
11 99 216 218 230
12 117 388 457
13 29 63 69 193 334 428
14 165 306 397
15 132 144 181 389
16 283 289 490
17 150 388
18 99 278
19 260 357
20 73 223
21 36 169 291
22 104 192 291 499
23 174 221 227 314 326 391
24 98 132 165 176 243 322 352 377
25 269 363
26 95 114 158 296
27 100 137 202 319 326 345 470
28 57 123 294 340 392 427
29 248 334 423
30 249 289 403 441
31 166 244 324 475
32 53 206 256 354 364
33 95 178
34 57 160 203 258
35 242 480
36 39
37 156 228 386
38 57 104 180 188 422 438
39 273 282
40 67 79 136 157 172 303 404 425
41 244 262 426 453
42 85 160 221 387 452 484
43 199 240 266 388
44 227 265 268 299 318 399 417
45 69 436
46 115 229 309 335 459
47 219 273 485
48 145 186 262 263 406 486
49 184 334 443
50 336 443 478
51 81 153 170 231 364
52 157 237 286 369 459
53 81 84 200 304 410 414 468
54 111 269 282 349
55 78 213 240 275 399 442 451
56 62 165 279 284 400
57 476
58 139 141
59 131 214 400
60 442
61 177 194
62 108 263 339 356
63 142 275 306 374 435
64 205 341 358 396
65 147 168 468
66 101 316 333 359
67 321
68 132 341 390 441
69 360 405 435
70 376
71 186 233 346 421
72 247
73 137 159 175 311 484
74 257 294 319 323 331 462
75 371 424
76 81 97 213 293 330 396 431 440 443
77 94 184 350 427 476
78 101
79 120 194 400
80 253
81 125 215 261
82 112 212 407
83 203 278 307 433
84 265 343 386 400
85 127 337 413 433 466 498
86 126 358
87 97 124 251 342
88 98 183 289
89
90 220 230 407 411
91 174 346 482
92 337
93 339
94
95 453 459
96 107 246 308
97 212 220 371 432
98 211 254 487
99 197 208
100 160 191 371 451
101 384
102 184 363 463
103 229 285 338
104 271 336 409
105 152 182 240 249 443
106 133 347
107 367 486
108 255 476
109 196 428
110 160 266
111 276 414
112 155 183 213
113 257 328 375
114 336 432 497
115 116 189 302
116 159 200 298 310 358 453 457 473
117 429
118 247 249 339
119 157 160 229 301 325
120 190
121 254 311 436
122 287 338 404 426
123 248
124 158 196 232 427 436
125 131 405
126 341
127 272 424 454
128 240 489
129 148 164 201 213
130 304 379 382 433 475
131 232 381
132 149 369
133 146 170 227 295 478 480
134 332
135 197 291 303 323
136 330 450
137 179 186 207 296 368
138 151 254 301 433
139 206 290 302 457
140 173 387 403 411
141 165 194 225 324 474
142 146 369
143 179 245 247 264 437
144 211 260
145 236 260 413 414 481 499
146
147 267 276 352 392 471
148 344
149 445
150 174 349 375 444
151 316 499
152 411
153 439
154 421 484
155 190
156 456
157 247
158 203 251 337 382 444
159 405
160 262
161 162 308 390 493
162 225 421 426 495
163 320 454 455
164 483 489
165 180 212 215 415
166 183 281 325 331 363
167 261 405
168 176 240 259 323 446
169 300 328 430 459
170 256 344 373
171 216 340 399 428 432 485
172 316 465
173 351 387 419 428 477
174 189 448
175 212 468
176 310 311 374
177 256
178 225
179 294
180 285 350 422
181 199 262 342 409
182
183 211 415 443
184 320 374
185 343 476
186 313 362
187
188 299
189 199 401 496
190 293
191 286 311 319 363 463
192
193 285 287 301 327
194 410
195 239 352
196 244 295 379 430
197 299 473
198 452 474
199 231 290 439
200 205 342 361 432
201 260 333
202 264 359
203 294 476
204 282 307 309
205 416
206 223 244
207 312 321 379 395 438 476 488
208
209 229 264 442 480
210 327
211 238 312 352
212 237
213 247 419
214
215 236 339 494
216 415 464
217 414
218 465 481
219 435
220 231 384
221 258
222
223 424 457
224 467
225 334 471
226 240 391 403 445
227 232 236 315 359 401 418
228 250
229 301 444 483
230 235 330 443
231 307 419 457 474
232 277 399
233 399
234 290 443
235 324 379
236 237 238 400
237
238 268 319 499
239 290 321 487
240 370 420
241 315 318
242 291 341 456
243 313
244 294 363 401 435
245 304 359 398
246 351 380 479 483
247 303 411 427
248 254 263 292 303 405
249 274 303 352 489
250 303 358
251 285 293
252 389 435 458
253 294 302 326 465
254 395 482
255
256 332 386 395
257 309 326 398
258 260 275
259
260 484 491
261 307 471
262 271 276 418 454
263 330
264 272 433
265 336 394
266 370 421 425
267 492
268 360
269 383
270 327
271
272 390
273 331 402 471 474
274 299 446
275 308 323 332 340 389 441
276 430 450
277 427 441
278 473
279 390 398 420
280
281 309 381 426
282
283 347
284
285 300 361 388
286 328 341 390 412
287 406 458
288 313 351 352
289 361 410
290 389 482
291 373 487
292 324
293 389 446 462
294 437
295
296 357
297 459 497
298 489
299 336
300 389
301 336 426 488
302 466
303
304 328 433
305 342 442
306 422 478
307 381 463
308 394 402 473
309 326
310 438
311 315 354
312 397
313 469
314 447
315 414 440 497
316 403 460
317 358
318 324 409 431
319 375 414
320 339
321
322
323 467
324 396 494
325 423 477
326
327 392 498
328 359 420
329 461
330 414
331
332 396 402 453
333 436 457 461
334 422 441 461 462
335 346 474
336
337 342 372
338 390
339 355 364
340
341
342 375 433
343 367 457
344 406 481
345
346
347 378 402 466
348 474
349 400
350 406 450 466
351 492
352 422
353 449 453
354 495
355 365
356 368 373 447
357 364
358 412 417
359 418 421 457 491 492
360 456
361 452 475
362 376 439
363 464
364 472
365 457
366 378 407
367
368 397 415 442
369 498
370 375
371 490
372 389
373 392 432
374
375 428
376
377 477
378 419
379 496
380 456
381 389 431 481
382 489 497
383 414
384 485
385
386 495
387 456
388 434 449
389 456
390 444
391 409 414 474
392 493
393
394
395 437
396
397 443 463
398
399 433
400
401 407 487
402 406 417 475 491
403
404
405
406
407 423 480
408 435
409 431
410
411 439
412 420
413
414
415 455 462
416
417 488
418 431 492
419 420 470 496
420 473
421
422
423 452
424
425
426
427
428 485
429
430 464
431 464
432
433
434
435 449
436
437
438
439
440 463
441 488 499
442
443
444 463
445
446
447
448 488
449
450
451
452
453
454
455
456
457 493
458 486
459
460
461 465 492
462
463
464
465
466
467
468
469
470
471
472
473
474
475
476 481
477
478
479
480
481
482
483
484
485
486
487 489
488
489
490
491
492
493
494
495
496
497
498 499
499
