#tables.py
# GMT Mon May 22 11:23:52 2023
# 
0 119 274 420 490
1 27 52 79 352 425 477
2 42 145 172 396 432
3 125 271 309 341 344 396
4 415 467
5 219 301
6 157 181 216 387 449
7 19 38 303
8 189 456
9 35 169
10 156 429
11 70 125 460 484
12 187 323 356 456
13 149 231 313
14 24 43 113 199 269 293
15 446
16 134 159 164 221 303 326
17 172 234 261 327
18 102 346 430
19 231 379
20 70 484
21 89 223 225 335 468
22 137 157 319 360 426
23 36 45
24 98 333 416
25 252 316 399 405 495
26 98 101 181 191 263
27 200 267 295
28 222 411
29 146 232 362
30 120 275 418
31 47 230 314 379
32 114 176 233 254 435
33 95 208
34
35 100 185 406 436
36 114 163 174 258
37 167 367 455
38 183 203
39 45 48 64 269 334
40 137 355 409
41 198 263
42 72 330
43 288
44 56 81 162 185 198
45 113 137
46 54 152 217
47 202 419
48 91 153 273 450 464
49 256
50 128 190 249 323
51 55 143 322
52 76 87 282 424
53 240 272 353 357 372 436
54 95 138 145 494
55 96 105 338 357 430
56 233 328 333 342 387
57 258 269
58 66 107 272
59 68 84 109 284 363 464
60 310 332 403 426
61 105 161 324 345
62 419
63 73 154 214 248 425 476
64 89 197 435 446
65 375 386
66 121 308 426
67 120 160 269 326
68 213 486
69 386 483
70 232 388 490 499
71 76 191 363 423
72 123 149 169 244 260
73 121 282 495
74 360 479
75 207 229 249 315 318 446
76 229 313 319 336
77 87 320 325 480
78 164 334 342 390
79 84 166 303 415
80 167 211 446 479
81 92 399
82 242 326 342 372 393
83 94 306 335
84 162 257 362 379
85 136 218 279 284 398
86 162 241 337 407
87 97 172 225 238 293 467 495
88 481
89 187 252 330 347 364
90 452
91 322 349
92 224 265 361 472
93 228 244 328 368 419 425 491
94
95 441
96 101 284 358 460
97 106 400 424 436
98 140 170 234 401 412
99
100 330 342 466
101 202 368 390 423 481
102 147 218 331
103 136 159 168 238 281
104 161 291 325 390 474
105 253 341 401 425
106 153 164 317 429
107 123 288 408
108 214 386 430 495
109 116 230 302
110 294 295
111 130 194 286
112 297 344 397 485
113 115 147 215 270 282 297 345
114 353
115 271 277 426
116 273 354 390 467
117 286 437
118 125 370
119 140 259 351 370
120 343 363
121 207 218 369 377 440 492
122 279 292 304 458
123 295
124 456
125 137 221 290 332 349
126 248 285
127 263 476
128 139 250 313
129 311 406
130 232 338 413 451
131 170 227 266
132 200 297 348 433
133 136 290 315 453
134 253 268 328
135 329 466 499
136 319
137 195 347 446 448
138 149 247
139 321 443
140 151 333
141 491
142 200 438
143 383
144 148 429
145 320 432
146 172 402
147 194 312 381
148 249 339 437
149 302
150 173 373 457
151 162 177 281 359 363
152 319
153 206 263 304
154 421
155 165
156 369
157 226 294 368 392
158 299 345
159 187 323 399
160 188 394 443
161 168
162 411
163 164 264
164
165 307 455
166 223 239 487
167 203 240 287 470
168 433
169 197 405
170 267 364
171 190 216 443
172 186 283 320 403 406
173 208 279 342 387 455
174 350
175 363 466
176 438
177 197 307 335 459 471
178 198 279 360
179 231 321
180 181 435
181 468
182 195 203 286 355
183 206 233 264 390 427 429
184 198 351
185
186 411
187 191 211 297
188 445 466
189 245 261 401 485
190 227 441
191 457
192 226
193 297 489
194 278 364 397 460
195 299 483
196 215 334 465
197 354 355
198 241 345 474
199 202 219 228 378 478
200
201 361
202 425
203 240 290 306 454
204 226
205 240 297 376 498
206 431 472 493
207 297 429 445 473
208 268 273 342 345 352 463
209
210 226 344 402 455
211 375 462
212
213 230 312
214 304
215 362 394 483 490
216 251 401 456
217 329 423 458 493
218
219 450 454
220 420 440
221 403
222 344 416 419 420 486
223 395 446
224 257 361 412 456
225 452
226
227 230 240 402 418
228 254 312
229 342 442
230 486 488
231
232 251 362
233 467
234 423
235 272 341 347 455
236 291 323
237
238 280
239 301
240 287 333
241 337 494
242 361 384 493
243 365 409
244 389
245
246 256 394 396
247 461
248 361 372
249 398
250 336
251 302 403
252 295 334
253 493
254 461
255 499
256 400
257 342
258 297
259 341 382
260 367 368 401
261 284 415 426
262 392
263 417
264 405
265 324
266 333 397
267 473
268
269 355 416 422
270
271 324 376 387
272
273 424 443
274 302 343 385 451
275 367
276 283
277 373
278 309 342 472
279 461
280 314 485
281 375
282 339 459 487
283 364 401 499
284 319 334 351 450
285 362 425
286 450
287
288 382 437 477
289 482
290 342
291 360 390 431
292
293 336 392 423
294 317 327
295
296 322 415 497
297 330 337 449 469
298 385 456
299 359
300
301 401 444
302 499
303 345 481
304 444 490
305 319 454
306 406
307 370 440
308
309
310 328 451
311 342 361 376
312 395 407 489
313 320 411 456
314 333 492
315 371
316 353
317
318 333
319
320 397 449
321 323
322 409 418 441 451
323 350 413
324 410
325 326 358 382 386
326 417
327 389 391
328
329
330 437 460 476 483
331 391
332 374 383
333
334 370 453 462
335 408
336 426
337
338 342 488
339 356 398
340
341
342 491
343 422 472
344 419
345 465 494
346
347
348 485
349 367 442
350 361 440 460
351 464
352 410
353
354 442
355
356 400 484 489
357 384
358
359 411 454 470
360 368
361 372 378
362 441
363
364 402 482
365 459
366 445 495
367 398
368 436
369
370
371 412 421 459
372 404 480
373 439
374
375
376
377 382 473
378 405
379 393
380
381 459
382 395 467
383 415 431
384 478
385 418 424
386 458
387 436 458 488
388
389 422
390
391 440 486
392 403
393
394
395 472
396
397
398 419
399
400 486
401 419 465
402
403
404 491
405
406 424
407
408 458
409 435
410
411 415
412
413 436
414 455 477
415 461 474
416
417
418
419 425 434 450
420
421
422 484
423 499
424
425
426 499
427 471 472
428 499
429 484
430
431
432
433 469
434 481
435
436
437 439
438 455
439 487
440
441
442
443
444
445
446 490
447 486
448
449 453
450
451
452
453 469
454
455 487
456
457
458
459
460
461 477
462 485
463
464 499
465
466
467
468
469 497
470
471
472
473
474
475
476
477
478
479
480
481
482
483
484
485
486
487
488
489
490
491
492
493
494
495
496
497
498
499
