#tables.py
# GMT Mon May 22 11:23:52 2023
# 
0 1 5 9 12 13 15 23 36 42 47
1 2 4 33 40 41 49
2 4 14 37 42
3 6 20 23 47 49
4 15 18 27 36 40 46 48
5 14 17 24 31 35 36 45
6 21 27 34 35 46
7 8
8 20 21 36 40
9 21 23 25 30 38 39
10 15 19 33 40 41
11 13 15 18 20 22 30 43
12 24 26 31 46
13 34 40
14 17 27 40 42 45 48 49
15 47 48
16 19 21 37 42
17 41 43
18 31 32 33 37 39
19 23 26 43
20 28 29 40 43
21 25 42
22 24 44 47
23 24 25 28 34 46 47
24 33 44 47
25 34 37
26 35
27 32
28 39 44 47
29 40 49
30 31 40
31
32 33 34 36 44 49
33 36 38 40 46
34
35
36
37 39 42
38
39 40 41
40 48
41
42 46
43 44
44 48
45 48
46 49
47
48 49
49
