#tables.py
# GMT Mon May 22 11:23:52 2023
# 
0 1 57
1 10
2 13 26 31 69 70 73
3 83 95
4 32 72 75 91
5 8 11 39 82 93
6 17 54 94
7 25
8 9 24 43
9 23 31 40 46 49 70
10 22
11 18
12 36 42 61 63 73
13 23 90
14 32 76
15 44 69 83
16 25 28 29 34 50 64 76 77 80
17 18 51 79 89 96
18 25 28 43
19 48 76 97
20 83 85
21 49
22 44 47 64
23 70
24 40 81
25 27
26 68 92 95 96
27
28 53 66
29 31 49 60 67 84
30 49 58 67
31 34 46 57 58 74 86
32 43 81 97 98
33 53 91
34 85
35 90 92 94
36
37 51 59
38 44 53 79 98 99
39 49
40 77 89
41 43 55 87 95
42 46
43 48 64 65
44 63 96
45
46 80 82 88 95
47 56 64 69 79
48 69 81 99
49 51 62
50 63 73 85 92
51 57 93
52
53 75 81 94
54 81
55 83 99
56 96
57 88 90
58 89 96 98
59 61 77
60 63 64 90 99
61 68 82
62
63
64
65 89 90
66 95
67 75
68 80
69
70 89
71 84 99
72
73
74 90
75 78 81
76 84
77
78 84
79 90
80
81 90
82 99
83
84 99
85
86 89 98
87
88
89 98
90
91
92
93
94
95
96
97
98
99
