#tables.py
# GMT Mon May 22 11:23:52 2023
# 
0 13 22 47 81
1 3 30 46 56 73
2 5 8 12
3 88 98
4 13 53
5
6 7 37 48 62 99
7 15 70
8
9 11 40 59 94
10 32 40 91 92
11 21 25 92
12 39 48 73
13 26 76 96
14
15 18 73 91
16 31 33 50
17 61 64 80 96
18 22 59 85 95
19
20 39
21 35 54
22 78
23
24 31 64 73
25 66
26 66
27 95 97
28 58 63 84
29 40 67 81
30 87 91
31 87
32 56 96
33 38 51 54 83 90 92
34 77 83 85 96
35 40 67 75
36 75
37
38 85 88
39 47
40 60 62
41
42 95
43 53
44 57
45 62
46 65
47 52 63 69
48 52 88 89 94
49
50 66 76
51 62 79 97
52
53 85
54 99
55 73 85
56 63
57 60
58
59
60 76 93
61 70 75 92
62 65 72 82 83 96
63
64
65 67 70 77
66
67 71
68 75 78 96
69 86 91
70
71 76 84
72
73
74 92
75 94
76 77
77
78 80
79 92 94
80 93
81
82 91
83
84
85 86
86
87
88 98
89 92 95
90
91 96
92 99
93
94
95
96
97
98
99
