#tables.py
# GMT Mon May 22 11:23:52 2023
# 
0 19 25 40
1 6 55
2 32 76
3 17 20 66 68 94
4 28 42 57 78
5 13 28 44 73 94
6 38 45 61 83 89
7 8 47 98
8 11 49 59 86
9 17 73
10 20 31 39 83
11 63
12 24 64 71
13 18 19
14 25 36 47 73 83
15 16 31 34 49 81 95
16 17 24 36 66 81 90 92
17 44 72 99
18 30 31 45 53 73
19 56 58
20 23 26 32 98
21 41 48 64 86
22 55 95
23 50 59 67 98
24 70 90
25 78
26 49 50
27 60 65
28
29 32 75 83
30 73 90
31 78 91 98
32
33 62 70 71 76 77 99
34 36 46
35 86
36 73 99
37 46 81
38 46 79 89
39 61 81
40 49
41 44 67 82
42 47 77 83
43 71
44 75 83 97
45 53 73
46 77
47 82
48 65 73 78 85
49 81
50 54 68 69 87
51 59 66 75 91
52 61 68 92
53 58 64
54 64 68 86
55 59
56 78
57
58 79 99
59 99
60 61 85 86
61 69 83
62 74
63
64 82
65 71
66
67 81 83 85
68 78
69
70 92
71 80
72 80 95
73 80 88 99
74 94
75 87
76 79 94
77 81 82 99
78 90
79 91
80
81 93
82
83 93
84
85
86
87
88 93
89 94
90 99
91
92
93
94
95
96
97
98
99
