#tables.py
# GMT Mon May 22 11:23:52 2023
# 
0 25 55 68 72 79 95
1 43 53 63 80
2 4 35 74
3
4 44 45 60 62 78 92
5 37 61
6 14 29 38 55 66 94
7 34 42 81
8 18 43
9 39 43 49 50 51 53 66 81 96
10 13 15 24 70 81
11 58
12 31 44 51 60 63 70
13 39 81
14 80
15 28 29 42 64 82
16 47 49 69 74 89
17 26 29 35 55 60 91
18 24
19 40 48
20 30 53 79 84 89 97
21 24 25 53
22 60 81 95
23 48 55 84
24 32 33 86 91
25 56 97
26 57
27 54 55 81
28 36 48 60
29 36 67 79
30 40 47 48 57 75
31 35 45 75 96
32 61 65 88
33 72 95
34 36 52 62 65 68 70 72 98
35 36 59 61 99
36 51
37 65 92
38 91
39 76 77 83 91 98
40 53 57 60 71 83
41 42 66 75 89
42 51 54 85
43 61 64
44 71 73
45 60 92 98
46 97 98
47 48 71
48 80 95 97
49 65 82
50 77
51 94
52 90 96 97
53
54 78
55
56
57 61
58 59 69 83
59 69
60 74
61 79
62 67 82 96 97
63 72 85 98
64 88
65
66 87 93
67 95
68
69 94
70 96
71 72 84 93
72 84
73 98
74
75 76 82 95
76 79 82 85 86 93 95
77 85
78
79
80
81
82 85
83
84
85 86
86
87
88 96
89
90
91
92
93
94
95
96
97
98
99
