#tables.py
# GMT Mon May 22 11:23:52 2023
# 
0 10 11 48 64 68 74
1 16 17 31 81 91
2 7 11 23 58 63 78 86
3 11 33 41 46 66 87 96
4 28 48 65 66 87
5 40 56 63 74 78 88 97
6 7 27 50 54 63 82 86
7 20 24 34 48 51 55
8 17 45 70 80
9 11 44 45 57 86 93
10 41 89
11 50 51 65 93
12 23 40 51
13 30 50 71 75 90 96
14 23 46 74 78 90 98
15 18 32 34 76 77 91
16 22 31 49 88
17 40 93
18 42 56 76 93 96
19 28 38 39 41 45 53 57 82 85 98 99
20 89
21 33 35 88
22 25 28 68 90 98
23 41 48 68 74 75
24 31 71 97
25 33 41 71 73
26 39 94 95 97
27 66 73 81
28 46 47 79 91
29 52 58 68 72
30 32 34 46 54 55 56 59 60 62 92
31 32 57 73 75 81 93
32 33 70 75 83 85 87 98
33 59 61 66 83
34 42 75 92 96
35 38 76 84 96 99
36 50 56 62 81
37 67 71 82 95
38 42 72 83 84
39 47 54 64 65 95 97
40 54 83 85
41 44 53 59 64 68 79 83 90
42 62 93
43 54 62 65 82 85
44 75
45 54 64 92
46 50 58 61 98
47 52 55 70 74
48 53 67 78 91
49 61 79 82 92
50 74 89
51 92
52 86
53 57 80 90 91
54 55 57
55
56
57 74 82 99
58
59
60 76 93
61 62 85 96 97 98
62 64 92
63
64 80
65 91
66 93
67 73 79 92
68 80 90
69 71 72 94
70 92
71
72 98
73
74 85 88 91 99
75 94 96
76 79 96
77
78 92
79 80 85 89 91
80 87
81 95
82 96
83 94
84
85 86
86 89
87 90 92
88 95
89
90
91
92
93
94
95
96
97 98
98
99
